SWC-1
1 68540U 26069C   26107.51011483 -.00000351  00000+0  00000+0 0  9993
2 68540  28.3533 357.7706 8357664  80.9928 279.0715  1.01840683   168
STARLINK-37326
1 68542U 26070A   26119.58706398  .00189110  00000+0  93750-3 0  9991
2 68542  53.1561 129.3081 0001584  42.4555 317.6590 15.80949806  4303
STARLINK-36308
1 68543U 26070B   26119.52309169  .00299404  00000+0  14608-2 0  9993
2 68543  53.1561 129.6197 0001334 100.5769 259.5405 15.80987389  4296
STARLINK-37263
1 68544U 26070C   26119.91668981 -.02601387  00000+0 -18416-1 0  9998
2 68544  53.1581 127.6401 0000907 104.8922 338.9617 15.76492538  5614
STARLINK-37289
1 68545U 26070D   26119.91668981 -.01875367  00000+0 -15302-1 0  9990
2 68545  53.1588 127.6864 0000831  93.0889 327.8315 15.73262265  5613
STARLINK-37290
1 68546U 26070E   26119.96337295  .00155099  00000+0  77436-3 0  9995
2 68546  53.1561 127.3853 0000726  79.2196 280.8909 15.80899471  4361
STARLINK-37245
1 68547U 26070F   26118.31817737  .00539381  00000+0  25295-2 0  9993
2 68547  53.1572 135.6138 0002917 110.1230 250.0107 15.81214418  4104
STARLINK-37145
1 68548U 26070G   26119.51934489  .00016413  00000+0  86508-4 0  9993
2 68548  53.1562 129.5963 0001972  23.5409 336.5704 15.80881008  4294
STARLINK-36204
1 68549U 26070H   26119.91668981 -.02504797  00000+0 -18385-1 0  9995
2 68549  53.1582 127.6078 0000946 108.3855 351.4112 15.76151948  5568
STARLINK-36304
1 68550U 26070J   26119.91668981 -.02595321  00000+0 -18618-1 0  9999
2 68550  53.1584 127.5895 0001166  76.3830  32.2346 15.76184855  5566
STARLINK-37288
1 68551U 26070K   26119.91668981 -.02525121  00000+0 -18312-1 0  9992
2 68551  53.1586 127.5784 0001109  84.8701  28.7824 15.76451824  5614
STARLINK-37295
1 68552U 26070L   26119.91668981 -.02576705  00000+0 -19439-1 0  9998
2 68552  53.1585 127.6062 0001106  82.8228  17.5479 15.75026305  5616
STARLINK-37254
1 68553U 26070M   26119.51483957  .00332485  00000+0  16142-2 0  9993
2 68553  53.1561 129.5625 0001139  81.6024 278.5128 15.81005509  4297
STARLINK-37255
1 68554U 26070N   26119.91668981 -.02571590  00000+0 -19170-1 0  9999
2 68554  53.1587 127.5598 0001216  81.1892  41.5207 15.75287617  5615
STARLINK-37146
1 68555U 26070P   26119.57881281  .00165404  00000+0  82344-3 0  9996
2 68555  53.1564 129.2507 0001730  49.8844 310.2330 15.80929569  4302
STARLINK-37144
1 68556U 26070Q   26119.51257264  .00332726  00000+0  16069-2 0  9992
2 68556  53.1573 129.5474 0001996  68.3352 291.7883 15.81118401  4293
STARLINK-37210
1 68557U 26070R   26119.51333807  .00353647  00000+0  17113-2 0  9997
2 68557  53.1576 129.5532 0001044  84.6176 275.4966 15.81020279  4297
STARLINK-37227
1 68558U 26070S   26119.91668981 -.02606056  00000+0 -18948-1 0  9991
2 68558  53.1580 127.5295 0001128  93.9070  43.7597 15.75897957  5617
STARLINK-37294
1 68559U 26070T   26119.95162161 -.01188040  00000+0 -72728-2 0  9999
2 68559  53.1568 127.3085 0000733  39.0474 321.0601 15.79296416  4365
STARLINK-37291
1 68560U 26070U   26119.91668981 -.02513331  00000+0 -18669-1 0  9997
2 68560  53.1585 127.5116 0001192  90.7666  55.3643 15.75895149  5616
STARLINK-37114
1 68561U 26070V   26119.57280775  .00410340  00000+0  19706-2 0  9997
2 68561  53.1567 129.2104 0000862  72.2532 287.8585 15.81033792  4300
STARLINK-37233
1 68562U 26070W   26118.24368442  .00446989  00000+0  21501-2 0  9993
2 68562  53.1580 135.8495 0003880 164.3117 195.8027 15.80901340  4094
STARLINK-36238
1 68563U 26070X   26119.57128541  .00204396  00000+0  10076-2 0  9994
2 68563  53.1563 129.2000 0001083  37.8303 322.2796 15.81026641  4305
STARLINK-37008
1 68564U 26070Y   26119.57055736  .00282746  00000+0  13831-2 0  9997
2 68564  53.1567 129.1947 0000941  37.5116 322.5972 15.80975945  4308
STARLINK-37161
1 68565U 26070Z   26119.31694191  .00321323  00000+0  15693-2 0  9997
2 68565  53.1563 130.4577 0000524  50.9286 309.1783 15.80905419  4268
STARLINK-37212
1 68566U 26070AA  26119.56906169  .00021802  00000+0  11385-3 0  9990
2 68566  53.1568 129.1848 0001505  59.0101 301.1070 15.80847974  4303
STARLINK-37261
1 68567U 26070AB  26119.56831823  .00454117  00000+0  21712-2 0  9998
2 68567  53.1567 129.1797 0001245  94.7619 265.3545 15.81014961  4308
STARLINK-37283
1 68568U 26070AC  26119.54067203  .00209830  00000+0  10372-2 0  9990
2 68568  53.1567 129.7387 0001270  96.7097 263.4070 15.80952279  4292
STARLINK-37256
1 68569U 26070AD  26119.54142603  .00325201  00000+0  15818-2 0  9990
2 68569  53.1564 129.7423 0001949  28.6762 331.4367 15.80983396  4296
STARLINK-37228
1 68570U 26070AE  26119.53991347  .00169690  00000+0  84214-3 0  9993
2 68570  53.1562 129.7334 0002384 162.8013 197.3091 15.80983013  4290
MERIDIAN-M 21L
1 68571U 26071A   26119.36418511 -.00000016  00000+0  00000+0 0  9997
2 68571  62.7859 235.2968 7206984 285.0452  11.0208  2.00619239   535
FREGAT R/B
1 68572U 26071B   26093.32132148 -.00001541  00000+0  35052-3 0  9997
2 68572  63.0589 237.9448 7313819 284.9724  10.3188  2.01041412    13
KUIPER-00131
1 68573U 26072A   26119.91668981 -.01857093  00000+0 -11328+0 0  9991
2 68573  51.8826  51.2711 0006049 186.5474  67.4793 15.13320148  4875
KUIPER-00189
1 68574U 26072B   26119.91668981 -.02335522  00000+0 -18457+0 0  9991
2 68574  51.8905  52.5956 0001404 101.2335 205.1129 15.04230724  4457
KUIPER-00192
1 68575U 26072C   26119.91668981 -.00008765  00000+0 -30760-3 0  9991
2 68575  51.8818  50.6083 0004991 200.3532  75.2059 15.27599953  3572
KUIPER-00193
1 68576U 26072D   26119.51826077  .00017318  00000+0  46647-3 0  9993
2 68576  51.8778  52.2338 0003669 169.5944 190.5120 15.37925614  3896
KUIPER-00194
1 68577U 26072E   26119.77284768 -.00042161  00000+0 -11015-2 0  9993
2 68577  51.8791  50.9404 0003553 183.7376 176.3585 15.38119810  3936
KUIPER-00229
1 68578U 26072F   26119.91668981 -.01175142  00000+0 -58094-1 0  9997
2 68578  51.8811  51.2650 0007893 209.7670 115.8443 15.20176064  4997
KUIPER-00230
1 68579U 26072G   26119.50568892  .00029275  00000+0  75899-3 0  9999
2 68579  51.8780  52.1491 0001633 148.1391 211.9696 15.38775295  3894
KUIPER-00231
1 68580U 26072H   26119.83782689  .00258385  00000+0  64426-2 0  9998
2 68580  51.8773  50.6273 0008663 155.9976 204.1416 15.38653603  3942
KUIPER-00234
1 68581U 26072J   26119.91668981 -.00862711  00000+0 -27044-1 0  9996
2 68581  51.8773  50.1882 0001702 170.9341 288.5571 15.35116280  3843
KUIPER-00236
1 68582U 26072K   26119.96313981  .00030774  00000+0  80065-3 0  9997
2 68582  51.8760  49.9669 0001560 153.3473 206.7595 15.38641750  3961
KUIPER-00244
1 68583U 26072L   26119.96954872  .00026598  00000+0  70254-3 0  9996
2 68583  51.8777  50.0102 0003325 183.2161 176.8805 15.38251935  3965
KUIPER-00253
1 68584U 26072M   26119.91227517  .00051200  00000+0  13626-2 0  9998
2 68584  51.8742  50.3724 0004416 191.6590 168.4295 15.37698058  3951
KUIPER-00254
1 68585U 26072N   26119.53150655  .00022840  00000+0  62544-3 0  9997
2 68585  51.8728  52.3168 0007426 193.6284 166.4503 15.37205191  3891
KUIPER-00263
1 68586U 26072P   26119.95965647  .00041362  00000+0  10640-2 0  9998
2 68586  51.8773  49.9446 0002005 117.2877 242.8315 15.38845433  3969
KUIPER-00269
1 68587U 26072Q   26119.84428020  .00027876  00000+0  74448-3 0  9997
2 68587  51.8753  50.6698 0004502 173.9239 186.1803 15.37880555  3944
KUIPER-00272
1 68588U 26072R   26119.91668981 -.00003325  00000+0 -10872-3 0  9994
2 68588  51.8797  50.6040 0005563 189.7640  55.1833 15.27565144  3483
KUIPER-00285
1 68589U 26072S   26119.91450533  .00015680  00000+0  42640-3 0  9990
2 68589  51.8749  50.3885 0006092 192.6066 167.4770 15.37699303  3953
KUIPER-00286
1 68590U 26072T   26119.77818514 -.00066786  00000+0 -18140-2 0  9995
2 68590  51.8747  50.9743 0014446 112.2466 248.0054 15.37017736  3939
KUIPER-00289
1 68591U 26072U   26119.80654407  .00022110  00000+0  62173-3 0  9996
2 68591  51.8678  51.1471 0010597 209.7466 150.2919 15.36373010  3932
KUIPER-00290
1 68592U 26072V   26119.93590916  .00014250  00000+0  40545-3 0  9990
2 68592  51.8681  50.5110 0010664 219.3294 140.6919 15.36336867  3955
KUIPER-00293
1 68593U 26072W   26119.22749455  .00028461  00000+0  81531-3 0  9996
2 68593  51.8660  54.0121 0010902 212.0090 148.0234 15.35642170  3849
KUIPER-00294
1 68594U 26072X   26119.93208089  .00029909  00000+0  82984-3 0  9999
2 68594  51.8704  50.4927 0009514 204.8392 155.2138 15.36627079  3951
KUIPER-00296
1 68595U 26072Y   26119.53557233  .00032020  00000+0  87672-3 0  9991
2 68595  51.8736  52.3402 0008464 199.3141 160.7526 15.37012495  3895
KUIPER-00297
1 68596U 26072Z   26119.54450060  .00035894  00000+0  10038-2 0  9996
2 68596  51.8643  52.3842 0010167 202.8547 157.1988 15.36282627  3891
KUIPER-00300
1 68597U 26072AA  26119.46735706  .00025387  00000+0  69377-3 0  9998
2 68597  51.8692  52.6319 0007566 198.8288 161.2420 15.37204904  3882
KUIPER-00301
1 68598U 26072AB  26119.79777417  .00038237  00000+0  10481-2 0  9999
2 68598  51.8653  51.0872 0008744 200.7228 159.3405 15.36889423  3934
KUIPER-00304
1 68599U 26072AC  26119.92932936  .00032091  00000+0  88457-3 0  9995
2 68599  51.8701  50.4714 0009287 200.8028 159.2582 15.36797091  3955
KUIPER-00317
1 68600U 26072AD  26119.53475298  .00027126  00000+0  74634-3 0  9993
2 68600  51.8700  52.3311 0008909 193.5362 166.5387 15.36946484  3899
KUIPER-00320
1 68601U 26072AE  26119.80799561  .00013054  00000+0  37487-3 0  9996
2 68601  51.8624  51.1451 0010998 206.3745 153.6683 15.36124594  3937
STARLINK-37135
1 68602U 26073A   26119.82985919  .00194152  00000+0  12699-2 0  9990
2 68602  97.2834 318.0755 0001630  62.2344 297.9086 15.75250342  3601
STARLINK-37189
1 68603U 26073B   26119.91668981  .00157344  00000+0  10402-2 0  9990
2 68603  97.2827 318.2360 0001394  94.0332 200.1736 15.75106517  4776
STARLINK-37130
1 68604U 26073C   26119.81962663  .00115529  00000+0  76415-3 0  9990
2 68604  97.2827 318.0884 0001856  73.7301 286.4168 15.75214739  3602
STARLINK-37131
1 68605U 26073D   26119.86691579  .00141200  00000+0  93026-3 0  9993
2 68605  97.2827 318.1773 0001508  86.1784 273.9654 15.75232318  3613
STARLINK-37253
1 68606U 26073E   26119.91668981  .00123483  00000+0  81921-3 0  9995
2 68606  97.2838 318.2638 0000722 105.5600 254.6354 15.75123116  4773
STARLINK-37246
1 68607U 26073F   26119.82562319  .00147562  00000+0  97086-3 0  9997
2 68607  97.2829 318.0801 0001568  96.3124 263.8320 15.75245150  3600
STARLINK-37243
1 68608U 26073G   26119.84353249  .00174429  00000+0  89047-3 0  9990
2 68608  97.2831 318.2104 0001098  87.1862 272.9531 15.80885532  3613
STARLINK-37250
1 68609U 26073H   26119.91668981 -.00455394  00000+0 -31810-2 0  9990
2 68609  97.2840 318.2840 0001141  94.8294 315.2122 15.75455007  4683
STARLINK-37105
1 68610U 26073J   26119.81327320  .00175180  00000+0  11487-2 0  9998
2 68610  97.2829 318.0974 0001588  77.9827 282.1616 15.75243647  3603
STARLINK-37177
1 68611U 26073K   26119.91668981 -.01977034  00000+0 -13853-1 0  9990
2 68611  97.2838 318.2899 0001711  79.5640 344.4853 15.77440101  4681
STARLINK-36386
1 68612U 26073L   26119.84066767 -.00700966  00000+0 -41313-2 0  9997
2 68612  97.2827 318.2134 0003248 190.8703 169.2495 15.79881933  3617
STARLINK-36187
1 68613U 26073M   26119.83977601  .00152913  00000+0  78305-3 0  9998
2 68613  97.2828 318.2143 0001288  76.3079 283.8333 15.80874512  3616
STARLINK-37170
1 68614U 26073N   26119.85703499  .00145722  00000+0  95905-3 0  9998
2 68614  97.2833 318.1901 0000958 110.7098 249.4270 15.75243691  3611
STARLINK-37176
1 68615U 26073P   26119.91668981  .00122823  00000+0  81494-3 0  9997
2 68615  97.2834 318.2672 0001113  91.7123 280.4806 15.75121856  4776
STARLINK-37152
1 68616U 26073Q   26119.86904467  .00059386  00000+0  39678-3 0  9994
2 68616  97.2827 318.1728 0001413  61.7908 298.3500 15.75159365  3618
STARLINK-37186
1 68617U 26073R   26119.83677063  .00185197  00000+0  94406-3 0  9991
2 68617  97.2829 318.2180 0001496  83.5194 276.6245 15.80888918  3618
STARLINK-37179
1 68618U 26073S   26119.85527348  .00187358  00000+0  12260-2 0  9992
2 68618  97.2834 318.1924 0002753  96.6436 263.5142 15.75255890  3613
STARLINK-37226
1 68619U 26073T   26119.86056679  .00138173  00000+0  91097-3 0  9995
2 68619  97.2834 318.1851 0001495  80.7957 279.3477 15.75224383  3616
STARLINK-37211
1 68620U 26073U   26119.91668981  .00139310  00000+0  92292-3 0  9990
2 68620  97.2838 318.2722 0001202 103.9204 280.2806 15.75109360  4692
STARLINK-37269
1 68621U 26073V   26119.81150730  .00130136  00000+0  85857-3 0  9994
2 68621  97.2834 318.0995 0001350 101.4731 258.6686 15.75231795  3604
STARLINK-37252
1 68622U 26073W   26119.86268283  .00074808  00000+0  49755-3 0  9993
2 68622  97.2831 318.1819 0001290 103.3693 256.7716 15.75212561  3613
STARLINK-37284
1 68623U 26073X   26119.83226540  .00243745  00000+0  12336-2 0  9993
2 68623  97.2825 318.2243 0002528  53.8757 306.2745 15.80893438  3611
STARLINK-37231
1 68624U 26073Y   26119.87291574  .00303033  00000+0  19516-2 0  9991
2 68624  97.2832 318.1686 0001475  66.9772 293.1648 15.75304179  3611
STARLINK-37249
1 68625U 26073Z   26119.91668981  .00133485  00000+0  88481-3 0  9997
2 68625  97.2840 318.3013 0001258  85.6460   4.5439 15.75113736  4696
STARLINK-37285
1 68626U 26073AA  26119.87045145  .00174203  00000+0  11428-2 0  9993
2 68626  97.2832 318.1716 0002156  55.6591 304.4878 15.75236670  3619
STP-S29A OBJECT A
1 68627U 26074A   26119.97115139  .00008556  00000+0  36602-3 0  9996
2 68627  60.0191   3.2289 0018755 330.2171  29.7840 15.23435844  3434
MISR-C-1
1 68628U 26074B   26119.96965612  .00009957  00000+0  42283-3 0  9993
2 68628  60.0245   3.2395 0017228 333.1636  26.8551 15.23547831  3421
RAWHIDE-1
1 68629U 26074C   26119.96303686  .00011090  00000+0  46210-3 0  9996
2 68629  60.0231   3.2003 0020560 338.6019  21.4200 15.24031565  3437
STPSAT-7
1 68630U 26074D   26119.95929498  .00006367  00000+0  26952-3 0  9994
2 68630  60.0236   3.1824 0018781 343.6335  16.4137 15.24187744  3426
STP-S29A OBJECT E
1 68631U 26074E   26119.95928499  .00004756  00000+0  20449-3 0  9990
2 68631  60.0229   3.1796 0019396 343.5089  16.5358 15.24157793  3433
RAWHIDE-2
1 68632U 26074F   26119.95110990  .00011854  00000+0  48146-3 0  9991
2 68632  60.0328   3.1683 0019618 348.6121  11.4513 15.24851390  3429
MISR-C-2
1 68633U 26074G   26119.94509576  .00011967  00000+0  48017-3 0  9995
2 68633  60.0239   3.1087 0020357 354.5599   5.5258 15.25240960  3422
AGGIESAT6 (AGS6)
1 68634U 26074H   26119.93953920  .00010343  00000+0  41187-3 0  9999
2 68634  60.0234   3.0778 0021328 357.7072   2.3908 15.25610161  3436
CANVAS
1 68635U 26074J   26119.95961346  .00013110  00000+0  53951-3 0  9990
2 68635  60.0243   3.1898 0020940 341.9963  18.0373 15.24301968  3435
QIANFAN-109
1 68636U 26075A   26119.92258013 -.02022571  00000+0 -11667+1 0  9999
2 68636  88.9881 326.1466 0015778 136.3751 223.8686 14.13158042  3170
QIANFAN-110
1 68637U 26075B   26119.85683109 -.02165314  00000+0 -12950+1 0  9999
2 68637  88.9886 326.1568 0016035 126.5728 233.6936 14.11476892  3161
QIANFAN-111
1 68638U 26075C   26119.91433743 -.02092456  00000+0 -11922+1 0  9998
2 68638  88.9891 326.1458 0016202 152.0882 208.1177 14.13968235  3171
QIANFAN-112
1 68639U 26075D   26119.84491159 -.02051627  00000+0 -11683+1 0  9995
2 68639  88.9885 326.1534 0015753 147.0405 213.1768 14.13917952  3166
QIANFAN-113
1 68640U 26075E   26119.83857033 -.02035317  00000+0 -11684+1 0  9992
2 68640  88.9883 326.1540 0016233 138.3168 221.9259 14.13444995  3160
QIANFAN-114
1 68641U 26075F   26119.89644440 -.02046199  00000+0 -11416+1 0  9998
2 68641  88.9880 326.1446 0015382 158.3565 201.8276 14.15019813  3176
QIANFAN-115
1 68642U 26075G   26119.82542796  .00000110  00000+0  47325-4 0  9994
2 68642  88.9898 326.1518 0015598 142.4570 217.7711 14.17313692  3168
QIANFAN-116
1 68643U 26075H   26119.75132439  .00000130  00000+0  56907-4 0  9994
2 68643  88.9898 326.1590 0015477 142.1588 218.0692 14.17724180  3150
QIANFAN-117
1 68644U 26075J   26119.82914895 -.02054780  00000+0 -11468+1 0  9990
2 68644  88.9879 326.1526 0014920 157.7636 202.4201 14.15022058  3164
QIANFAN-118
1 68645U 26075K   26119.88900547 -.02098119  00000+0 -11680+1 0  9996
2 68645  88.9897 326.1408 0013952 161.6203 198.5492 14.15256386  3173
QIANFAN-119
1 68646U 26075L   26119.73631331 -.02080496  00000+0 -11080+1 0  9996
2 68646  88.9886 326.1583 0015417 169.7020 190.4487 14.17599768  3159
QIANFAN-120
1 68647U 26075M   26119.59664370  .00000149  00000+0  60591-4 0  9998
2 68647  88.9894 326.1739 0015984 144.1813 216.0454 14.22214627  3139
QIANFAN-121
1 68648U 26075N   26119.87691965 -.02075263  00000+0 -11341+1 0  9998
2 68648  88.9885 326.1418 0016733 168.5335 191.6238 14.16187716  3179
QIANFAN-122
1 68649U 26075P   26119.80101981 -.02047927  00000+0 -10980+1 0  9990
2 68649  88.9894 326.1494 0019882 159.8588 200.3389 14.17129354  3164
QIANFAN-123
1 68650U 26075Q   26119.89715209 -.02039181  00000+0 -11394+1 0  9998
2 68650  88.9873 326.1442 0015072 157.5223 202.6628 14.14927611  3142
QIANFAN-124
1 68651U 26075R   26119.80160444 -.02045353  00000+0 -10991+1 0  9995
2 68651  88.9890 326.1490 0021376 155.4838 204.7372 14.16987923  3163
QIANFAN-125
1 68652U 26075S   26119.86699919 -.02100148  00000+0 -11194+1 0  9996
2 68652  88.9890 326.1413 0022106 137.0578 223.2342 14.17527102  3172
QIANFAN-126
1 68653U 26075T   26119.85425457 -.01953152  00000+0 -10244+1 0  9995
2 68653  88.9881 326.1370 0012591 163.8487 196.3106 14.18176627  3179
CZ-8 R/B
1 68654U 26075U   26119.91241756  .00000355  00000+0  10432-3 0  9998
2 68654  88.9884 326.0671 0073046  46.9838 313.7452 14.40039880  3206
HULIANWANG DIGUI-164
1 68656U 26076A   26119.63182218 -.00000949  00000+0 -11311-2 0  9994
2 68656  86.4953  60.6993 0001983 100.6516 259.4866 13.68322484  2879
HULIANWANG DIGUI-165
1 68657U 26076B   26119.70157197  .00000157  00000+0  16464-3 0  9995
2 68657  86.5014  60.6785 0002053 117.8363 242.3004 13.68422005  2883
HULIANWANG DIGUI-166
1 68658U 26076C   26119.62476701 -.00000532  00000+0 -63489-3 0  9990
2 68658  86.4925  60.6844 0001957  90.8314 269.3070 13.69066648  2877
HULIANWANG DIGUI-167
1 68659U 26076D   26119.62096024 -.00000054  00000+0 -82030-4 0  9990
2 68659  86.4977  60.7005 0001885 106.1581 253.9786 13.68841982  2876
HULIANWANG DIGUI-168
1 68660U 26076E   26119.61689691 -.00000653  00000+0 -77555-3 0  9999
2 68660  86.4974  60.6892 0001306 106.4949 253.6354 13.68995487  2864
CZ-6A R/B
1 68661U 26076F   26119.95217231  .00000024  00000+0  24427-5 0  9996
2 68661  86.5081  60.1887 0106630  45.7768 315.2108 14.09392346  2980
STARLINK-37195
1 68662U 26077A   26119.91668981 -.01887547  00000+0 -17174-1 0  9999
2 68662  97.2841 351.3140 0001542 103.3202 233.5696 15.71275793  3904
STARLINK-37222
1 68663U 26077B   26119.91859434  .00178954  00000+0  11724-2 0  9993
2 68663  97.2837 351.3224 0001759  96.3303 263.8163 15.75253514  2978
STARLINK-37153
1 68664U 26077C   26119.91929987  .00120300  00000+0  79487-3 0  9998
2 68664  97.2838 351.3218 0001480 117.3030 242.8386 15.75225786  2979
STARLINK-37171
1 68665U 26077D   26119.91668981 -.01914129  00000+0 -20128-1 0  9992
2 68665  97.2843 351.3106 0001587 106.2339 224.6353 15.67287357  3964
STARLINK-37109
1 68666U 26077E   26119.91683008  .00160411  00000+0  10538-2 0  9999
2 68666  97.2837 351.3242 0001563  90.7889 269.3556 15.75243192  2979
STARLINK-36295
1 68667U 26077F   26119.91612447  .00114793  00000+0  75893-3 0  9997
2 68667  97.2836 351.3247 0001367  89.8237 270.3185 15.75228344  2974
STARLINK-37221
1 68668U 26077G   26119.90771855 -.00383880  00000+0 -28895-2 0  9992
2 68668  97.2840 351.3362 0003870 130.8585 229.3015 15.73513796  2974
STARLINK-37302
1 68669U 26077H   26119.91330047  .00164283  00000+0  10786-2 0  9990
2 68669  97.2834 351.3285 0001631  98.2557 261.8893 15.75246581  2973
STARLINK-37298
1 68670U 26077J   26119.91435912  .00150972  00000+0  99287-3 0  9993
2 68670  97.2834 351.3263 0001829  95.9965 264.1508 15.75245187  2977
STARLINK-37224
1 68671U 26077K   26119.91259509  .00120108  00000+0  79359-3 0  9996
2 68671  97.2836 351.3290 0001477 103.1631 256.9800 15.75226659  2978
STARLINK-37296
1 68672U 26077L   26119.59495913  .00351240  00000+0  22834-2 0  9990
2 68672  97.2834 350.9954 0002028  70.2934 289.8549 15.74953267  2923
STARLINK-37316
1 68673U 26077M   26119.91153713  .00136712  00000+0  90125-3 0  9990
2 68673  97.2836 351.3305 0001506  85.0882 275.0555 15.75230677  2970
STARLINK-36672
1 68674U 26077N   26119.91668981 -.01920827  00000+0 -18559-1 0  9999
2 68674  97.2839 351.3308 0001403  93.1770 289.7794 15.69358898  3965
STARLINK-36669
1 68675U 26077P   26119.90906694  .00199899  00000+0  13067-2 0  9999
2 68675  97.2835 351.3338 0001465  94.0168 266.1264 15.75248003  2978
STARLINK-37312
1 68676U 26077Q   26119.90483082  .00172169  00000+0  11289-2 0  9996
2 68676  97.2841 351.3396 0001536  97.4928 262.6512 15.75253734  2974
STARLINK-36168
1 68677U 26077R   26119.91668981 -.01923074  00000+0 -18003-1 0  9993
2 68677  97.2840 351.3415 0001507  94.6927 309.7753 15.70119851  3968
STARLINK-37122
1 68678U 26077S   26119.90588917  .00240721  00000+0  15638-2 0  9993
2 68678  97.2836 351.3374 0001637  99.9687 260.1763 15.75277459  2978
STARLINK-37310
1 68679U 26077T   26119.90531414 -.00631101  00000+0 -47190-2 0  9990
2 68679  97.2840 351.3393 0001587 124.9639 235.1775 15.74353673  2972
STARLINK-37306
1 68680U 26077U   26119.90306750  .00109484  00000+0  72458-3 0  9993
2 68680  97.2840 351.3417 0001548  93.7947 266.3496 15.75219866  2975
STARLINK-37307
1 68681U 26077V   26119.90342053  .00205401  00000+0  13415-2 0  9993
2 68681  97.2837 351.3410 0001528 102.2250 257.9187 15.75251976  2977
STARLINK-37300
1 68682U 26077W   26119.89918721  .00171251  00000+0  11240-2 0  9992
2 68682  97.2839 351.3474 0001546  76.0478 284.0960 15.75233843  2973
STARLINK-37304
1 68683U 26077X   26119.89953837  .00214796  00000+0  14010-2 0  9990
2 68683  97.2838 351.3461 0001520  84.7752 275.3687 15.75256623  2972
STARLINK-37287
1 68684U 26077Y   26119.90058545  .00064174  00000+0  42727-3 0  9995
2 68684  97.2839 351.3448 0001304  79.4359 280.7053 15.75223797  2976
STARLINK-36278
1 68685U 26077Z   26119.89848162  .00172877  00000+0  11344-2 0  9996
2 68685  97.2840 351.3482 0001498  71.8920 288.2508 15.75233950  2971
STARLINK-37213
1 68686U 26077AA  26119.91668981 -.01891819  00000+0 -17299-1 0  9990
2 68686  97.2840 351.3545 0001702  88.4309 350.0565 15.71163653  3964
GUOWANG TEST OBJECT A
1 68687U 26078A   26119.73292133  .00000328  00000+0  38137-3 0  9994
2 68687  86.4964 299.2618 0001554 114.6669 245.4651 13.65695279  2483
GUOWANG TEST OBJECT B
1 68688U 26078B   26119.96531737  .00000344  00000+0  10783-3 0  9991
2 68688  86.5858 298.7801 0250655 325.9224  32.6081 14.21581437  2618
CYGNUS NG-24
1 68689U 26079A   26119.68381909  .00007324  00000+0  14081-3 0  9996
2 68689  51.6318 180.1788 0007117   4.9077 355.1979 15.49024031  2885
GUOWANG TEST OBJECT C
1 68690U 26078C   26119.93676537  .00005035  00000+0  23196-3 0  9993
2 68690  86.6395 298.4472 0442193 323.2941  33.8711 14.61869673  2681
JILIN GAOFEN OBJECT A
1 68691U 26080A   26118.27547138  .00000931  00000+0  63919-4 0  9995
2 68691  97.6638 193.8907 0011393 230.3161 129.7063 15.08414884  2138
JILIN GAOFEN OBJECT B
1 68692U 26080B   26119.32820286  .00003800  00000+0  24137-3 0  9997
2 68692  97.6610 194.9568 0014525 223.4007 136.6079 15.09391108  2291
JILIN GAOFEN OBJECT C
1 68693U 26080C   26117.14575679  .00000944  00000+0  64643-4 0  9992
2 68693  97.6630 192.7660 0013164 216.5655 143.4676 15.08464103  1960
JILIN GAOFEN OBJECT D
1 68694U 26080D   26117.13968559  .00001673  00000+0  10837-3 0  9990
2 68694  97.6677 192.7815 0014644 233.4097 126.5785 15.09459501  1944
JILIN GAOFEN OBJECT E
1 68695U 26080E   26118.73053111  .00001637  00000+0  10606-3 0  9991
2 68695  97.6641 194.3681 0015072 227.4148 132.5809 15.09490046  2169
JILIN GAOFEN OBJECT F
1 68696U 26080F   26118.92886554  .00001555  00000+0  10081-3 0  9994
2 68696  97.6628 194.5652 0014039 229.3436 130.6572 15.09549581  2196
JILIN GAOFEN OBJECT G
1 68697U 26080G   26112.29952414  .00003050  00000+0  19367-3 0  9996
2 68697  97.6673 187.9421 0014146 254.7084 105.2581 15.09566725  1193
JILIN GAOFEN OBJECT H
1 68698U 26080H   26112.29931017  .00004743  00000+0  29850-3 0  9991
2 68698  97.6650 187.9421 0014104 255.6064 104.3599 15.09605996  1194
STARLINK-37358
1 68699U 26081A   26119.85015170  .00380668  00000+0  18375-2 0  9997
2 68699  53.1583 164.5454 0002433  75.9290 284.2003 15.81002334  2466
STARLINK-37334
1 68700U 26081B   26119.97583029  .00218497  00000+0  10786-2 0  9994
2 68700  53.1579 163.9069 0001095 113.4941 246.6197 15.80956334  2488
STARLINK-36955
1 68701U 26081C   26119.84864909  .00381163  00000+0  18400-2 0  9992
2 68701  53.1583 164.5356 0001847  75.3788 284.7440 15.81000002  2465
STARLINK-36275
1 68702U 26081D   26119.84789892  .00414800  00000+0  19929-2 0  9992
2 68702  53.1583 164.5306 0001792  63.9010 296.2197 15.81013958  2462
STARLINK-36271
1 68703U 26081E   26119.84714941  .00371294  00000+0  17946-2 0  9992
2 68703  53.1580 164.5253 0002145  80.5486 279.5779 15.80998324  2464
STARLINK-37356
1 68704U 26081F   26119.84639828  .00423743  00000+0  20330-2 0  9991
2 68704  53.1585 164.5205 0002153  65.8080 294.3168 15.81020617  2461
STARLINK-35369
1 68705U 26081G   26119.84564662  .00322085  00000+0  15669-2 0  9991
2 68705  53.1582 164.5162 0001501  69.7910 290.3274 15.80989308  2466
STARLINK-37319
1 68706U 26081H   26119.84340322  .00425755  00000+0  20438-2 0  9995
2 68706  53.1582 164.5003 0002934  70.6753 289.4587 15.81003604  2461
STARLINK-37112
1 68707U 26081J   26119.84489794  .00439731  00000+0  21057-2 0  9990
2 68707  53.1585 164.5106 0001690  63.6469 296.4728 15.81020013  2461
STARLINK-37340
1 68708U 26081K   26119.84414729  .00394656  00000+0  19012-2 0  9991
2 68708  53.1581 164.5054 0001841  70.9621 289.1601 15.81008887  2463
STARLINK-37303
1 68709U 26081L   26119.84264723  .00371223  00000+0  17944-2 0  9996
2 68709  53.1581 164.4951 0001939  69.6209 290.5022 15.80997573  2465
STARLINK-36859
1 68710U 26081M   26119.84190169  .00436150  00000+0  20899-2 0  9994
2 68710  53.1584 164.4902 0002681  75.0789 285.0531 15.81015846  2464
STARLINK-37320
1 68711U 26081N   26119.84114874  .00422173  00000+0  20267-2 0  9993
2 68711  53.1582 164.4847 0002074  60.9971 299.1260 15.81011541  2466
STARLINK-37318
1 68712U 26081P   26119.84039605  .00430318  00000+0  20630-2 0  9996
2 68712  53.1581 164.4797 0001727  68.3785 291.7421 15.81019300  2467
STARLINK-37305
1 68713U 26081Q   26119.83964568  .00363141  00000+0  17568-2 0  9996
2 68713  53.1585 164.4751 0001614  77.9132 282.2072 15.81000144  2462
STARLINK-37225
1 68714U 26081R   26119.83889681  .00349510  00000+0  16942-2 0  9998
2 68714  53.1584 164.4698 0001931  63.7274 296.3947 15.80993807  2467
STARLINK-37322
1 68715U 26081S   26119.83814494  .00368756  00000+0  17824-2 0  9992
2 68715  53.1584 164.4649 0001642  61.4319 298.6869 15.81005032  2461
STARLINK-36337
1 68716U 26081T   26119.83739657  .00330969  00000+0  16084-2 0  9992
2 68716  53.1585 164.4599 0001868  73.5046 286.6182 15.80988005  2462
STARLINK-36685
1 68717U 26081U   26119.83665178  .00396653  00000+0  19111-2 0  9995
2 68717  53.1585 164.4549 0002952  66.5772 293.5561 15.80999771  2461
STARLINK-36684
1 68718U 26081V   26119.83589580  .00358275  00000+0  17340-2 0  9998
2 68718  53.1581 164.4503 0001901  79.1027 281.0209 15.81004021  2461
STARLINK-36686
1 68719U 26081W   26119.58151668  .00124080  00000+0  62183-3 0  9994
2 68719  53.1591 165.7071 0001379  77.0709 283.0468 15.80920362  2429
STARLINK-36681
1 68720U 26081X   26119.96157969  .00272332  00000+0  13339-2 0  9990
2 68720  53.1582 163.8109 0001460  84.3332 275.7858 15.80976435  2485
STARLINK-36680
1 68721U 26081Y   26119.58076505  .00171500  00000+0  85274-3 0  9998
2 68721  53.1589 165.7016 0001010  81.3450 278.7687 15.80937966  2423
STARLINK-37271
1 68722U 26081Z   26119.83289986  .00323300  00000+0  15734-2 0  9996
2 68722  53.1585 164.4299 0002709  65.3853 294.7452 15.80977366  2464
STARLINK-37273
1 68723U 26081AA  26119.83214961  .00353758  00000+0  17145-2 0  9996
2 68723  53.1587 164.4248 0002515  67.6433 292.4856 15.80986037  2463
STARLINK-37274
1 68724U 26081AB  26119.57851576  .00161926  00000+0  80662-3 0  9996
2 68724  53.1591 165.6868 0000698  85.5871 274.5231 15.80927298  2423
STARLINK-37275
1 68725U 26081AC  26119.82989627  .00365359  00000+0  17671-2 0  9999
2 68725  53.1587 164.4095 0002155  72.1695 287.9563 15.81000279  2466
STARLINK-37272
1 68726U 26081AD  26119.83064605  .00354561  00000+0  17171-2 0  9999
2 68726  53.1587 164.4148 0002008  81.6870 278.4380 15.81000344  2468
STARLINK-37270
1 68727U 26081AE  26119.82914456  .00351427  00000+0  17032-2 0  9991
2 68727  53.1589 164.4041 0002096  81.4398 278.6862 15.80992947  2468
STARLINK-37242
1 68728U 26082A   26119.88628420  .00233738  00000+0  11835-2 0  9991
2 68728  97.2834 342.3655 0001320  91.9197 268.2222 15.80911192  2188
STARLINK-37264
1 68729U 26082B   26119.90435509  .00176847  00000+0  11592-2 0  9996
2 68729  97.2836 342.3404 0001457  93.1149 267.0283 15.75248425  2185
STARLINK-37230
1 68730U 26082C   26119.88478122  .00208392  00000+0  10586-2 0  9996
2 68730  97.2832 342.3683 0001452  95.6951 264.4483 15.80905881  2180
STARLINK-37202
1 68731U 26082D   26119.90011123  .00134096  00000+0  88382-3 0  9993
2 68731  97.2833 342.3464 0001276 149.8890 210.2449 15.75243339  2185
STARLINK-37167
1 68732U 26082E   26119.88327752  .00234143  00000+0  11858-2 0  9996
2 68732  97.2843 342.3706 0001346 128.7912 231.3477 15.80905458  2183
STARLINK-37278
1 68733U 26082F   26119.88252579  .00219629  00000+0  11143-2 0  9990
2 68733  97.2840 342.3718 0001474 135.5878 224.5509 15.80903058  2187
STARLINK-37349
1 68734U 26082G   26119.88177726  .00319769  00000+0  16012-2 0  9997
2 68734  97.2838 342.3731 0001860 108.0774 252.0697 15.80932660  2184
STARLINK-37339
1 68735U 26082H   26119.88102291  .00313188  00000+0  15683-2 0  9995
2 68735  97.2839 342.3735 0001921 104.2674 255.8808 15.80948432  2184
STARLINK-37327
1 68736U 26082J   26119.89800330  .00185431  00000+0  12142-2 0  9991
2 68736  97.2837 342.3489 0001275  89.7850 270.3561 15.75249138  2183
STARLINK-37348
1 68737U 26082K   26119.89623865  .00134101  00000+0  88437-3 0  9997
2 68737  97.2839 342.3524 0001263 101.1245 259.0163 15.75229950  2182
STARLINK-37331
1 68738U 26082L   26119.87876939  .00232399  00000+0  11770-2 0  9991
2 68738  97.2839 342.3764 0001056  84.5349 275.6040 15.80908167  2186
STARLINK-37338
1 68739U 26082M   26119.89447325  .00126197  00000+0  83311-3 0  9996
2 68739  97.2839 342.3545 0001234 106.4916 253.6485 15.75228828  2188
STARLINK-37314
1 68740U 26082N   26119.91668981  .00020125  00000+0  13565-3 0  9992
2 68740  97.2837 342.3889 0001605 104.1631  45.8764 15.75160518  3420
STARLINK-36314
1 68741U 26082P   26119.87650352  .00064803  00000+0  33534-3 0  9990
2 68741  97.2839 342.3792 0001580  89.7957 270.3492 15.80894197  2185
STARLINK-37351
1 68742U 26082Q   26119.89200525  .00191693  00000+0  12543-2 0  9990
2 68742  97.2837 342.3575 0001464  86.8492 273.2941 15.75247993  2187
STARLINK-37354
1 68743U 26082R   26119.87499362  .00105636  00000+0  54434-3 0  9996
2 68743  97.2843 342.3816 0001278 119.5781 240.5615 15.80865981  2185
STARLINK-37344
1 68744U 26082S   26119.91668981 -.00094308  00000+0 -63778-3 0  9993
2 68744  97.2836 342.3964 0001407  96.2959  75.7304 15.75212014  3422
STARLINK-37267
1 68745U 26082T   26119.91668981  .00058925  00000+0  39390-3 0  9990
2 68745  97.2837 342.4152 0001629 106.9831 109.0495 15.75148643  3426
STARLINK-37347
1 68746U 26082U   26119.87275652  .00296540  00000+0  14883-2 0  9991
2 68746  97.2837 342.3832 0001721  93.0853 267.0612 15.80941801  2185
STARLINK-37268
1 68747U 26082V   26119.91668981  .00059555  00000+0  39809-3 0  9997
2 68747  97.2835 342.4101 0001428  98.5890 103.4488 15.75147845  3421
STARLINK-37325
1 68748U 26082W   26119.87125528  .00324603  00000+0  16237-2 0  9996
2 68748  97.2837 342.3865 0002007  99.8302 260.3193 15.80942141  2182
STARLINK-37324
1 68749U 26082X   26119.86975160  .00219101  00000+0  11120-2 0  9993
2 68749  97.2836 342.3877 0001105  96.6569 263.4825 15.80897584  2189
STARLINK-37350
1 68750U 26082Y   26119.91668981 -.00092603  00000+0 -62612-3 0  9992
2 68750  97.2832 342.4074 0001503  90.0639 107.9591 15.75211627  3427
STARLINK-37277
1 68751U 26082Z   26119.87050367  .00344702  00000+0  17196-2 0  9995
2 68751  97.2832 342.3867 0002200 108.4814 251.6694 15.80950327  2187
STARLINK-37342
1 68752U 26082AA  26119.91668981  .00061656  00000+0  41197-3 0  9991
2 68752  97.2834 342.4060 0001353  99.2756  92.7597 15.75150147  3426
2026-083A
1 68753U 26083A   26119.91384838  .00005009  00000+0  21027-3 0  9999
2 68753  98.2663 266.4684 0064458  35.7014 324.8504 15.22107274  1983
2026-083B
1 68754U 26083B   26119.91306733  .00001975  00000+0  13600-3 0  9994
2 68754  98.2527 266.0724 0010199 228.6105 131.4245 15.07160826  1957
2026-083D
1 68756U 26083D   26119.97024828  .00008479  00000+0  27977-3 0  9992
2 68756  96.9059 260.2722 0013949 222.2486 137.7683 15.31551033  1985
2026-083E
1 68757U 26083E   26119.36713927  .00134815  00000+0  48447-2 0  9999
2 68757  98.2484 265.8512 0058224  33.9362 326.5577 15.26479259  1899
2026-083F
1 68758U 26083F   26119.91368665  .00002309  00000+0  16071-3 0  9997
2 68758  96.9598 258.9462 0009586 211.7463 148.3189 15.06294060  1930
2026-083G
1 68759U 26083G   26119.91344172  .00001941  00000+0  13657-3 0  9993
2 68759  96.9538 258.9493 0010766 222.8400 137.1990 15.06034993  1927
DAQI-2
1 68760U 26084A   26119.98089436  .00000048  00000+0  20769-4 0  9992
2 68760  98.2876 194.3494 0000880 206.5706 153.5447 14.57593525  1876
CZ-4C R/B
1 68761U 26084B   26112.52956142  .00000230  00000+0  28111-4 0  9995
2 68761  98.2898 187.1811 0123909  27.3721 333.3951 14.88539786   801
2026-083H
1 68762U 26083H   26119.91181233  .00001414  00000+0  98334-4 0  9995
2 68762  96.9608 258.9474 0011732 208.1566 151.9030 15.06826235  1930
2026-083J
1 68763U 26083J   26119.91128831  .00003763  00000+0  25240-3 0  9995
2 68763  96.9585 258.9515 0010159 213.7518 146.3066 15.07331432  1930
2026-083K
1 68764U 26083K   26119.91071764  .00001464  00000+0  99858-4 0  9991
2 68764  96.9532 258.9509 0010875 218.4586 141.5869 15.07525087  1937
STARLINK-37168
1 68766U 26086A   26119.91668981 -.01737301  00000+0 -87595-2 0  9991
2 68766  97.2806 155.4988 0001649  74.2488  41.1938 15.84638518  2782
STARLINK-37174
1 68767U 26086B   26119.91668981 -.01733830  00000+0 -86706-2 0  9998
2 68767  97.2804 155.5005 0001517  65.1788  53.9298 15.84803798  2782
STARLINK-37279
1 68768U 26086C   26119.91668981 -.01729717  00000+0 -85089-2 0  9991
2 68768  97.2797 155.5036 0001646  70.2063  56.1638 15.85134296  2788
STARLINK-36379
1 68769U 26086D   26119.91668981 -.01726555  00000+0 -85426-2 0  9994
2 68769  97.2803 155.5021 0001547  78.0989  44.4666 15.85010213  2787
STARLINK-37417
1 68770U 26086E   26119.91668981 -.01746352  00000+0 -85458-2 0  9998
2 68770  97.2793 155.5071 0001474  73.7941  60.6524 15.85276718  2788
STARLINK-36759
1 68771U 26086F   26119.91668981 -.01744892  00000+0 -85926-2 0  9996
2 68771  97.2790 155.5048 0001431  74.6325  56.0576 15.85144520  2780
STARLINK-37399
1 68772U 26086G   26119.91668981 -.01747138  00000+0 -84835-2 0  9991
2 68772  97.2791 155.5083 0001793  77.6016  60.4777 15.85433402  2784
STARLINK-37281
1 68773U 26086H   26119.91668981 -.01736557  00000+0 -83471-2 0  9990
2 68773  97.2788 155.5096 0001724  81.6414  59.8369 15.85622874  2788
STARLINK-37381
1 68774U 26086J   26119.91668981 -.01729980  00000+0 -82527-2 0  9994
2 68774  97.2787 155.5112 0001516  71.1167  73.9455 15.85768914  2784
STARLINK-37418
1 68775U 26086K   26119.91668981 -.01733030  00000+0 -82129-2 0  9994
2 68775  97.2788 155.5126 0001612  79.1075  69.6010 15.85908517  2788
STARLINK-37393
1 68776U 26086L   26119.91668981 -.01729429  00000+0 -81384-2 0  9994
2 68776  97.2780 155.5138 0001535  74.3778  77.9352 15.86046547  2783
STARLINK-37400
1 68777U 26086M   26119.91668981 -.01733097  00000+0 -80536-2 0  9999
2 68777  97.2779 155.5173 0001625  81.6713  77.9369 15.86309225  2784
STARLINK-37389
1 68778U 26086N   26119.91668981 -.01729958  00000+0 -80922-2 0  9990
2 68778  97.2777 155.5155 0001475  78.1393  77.8632 15.86170953  2787
STARLINK-37391
1 68779U 26086P   26119.91668981 -.01733206  00000+0 -79959-2 0  9990
2 68779  97.2773 155.5186 0001631  82.1394  80.9782 15.86457162  2789
STARLINK-37266
1 68780U 26086Q   26119.91668981 -.01729106  00000+0 -79201-2 0  9996
2 68780  97.2769 155.5196 0001499  72.7394  93.9049 15.86597197  2787
STARLINK-37236
1 68781U 26086R   26119.91668981 -.01737329  00000+0 -79218-2 0  9991
2 68781  97.2767 155.5213 0001613  85.6286  84.8007 15.86702699  2785
STARLINK-37390
1 68782U 26086S   26119.91668981 -.01738588  00000+0 -78750-2 0  9990
2 68782  97.2762 155.5222 0001520  79.7324  94.2155 15.86841369  2782
STARLINK-37364
1 68783U 26086T   26119.91668981 -.01752324  00000+0 -78602-2 0  9991
2 68783  97.2763 155.5261 0001624  81.0663 100.3155 15.87062573  2786
STARLINK-37401
1 68784U 26086U   26119.91668981 -.01747264  00000+0 -78786-2 0  9992
2 68784  97.2766 155.5244 0001540  79.0075  98.6940 15.86948735  2785
STARLINK-37335
1 68785U 26086V   26119.91668981 -.01773363  00000+0 -77896-2 0  9993
2 68785  97.2755 155.5323 0001577  82.8489 113.1391 15.87525021  2786
STARLINK-37404
1 68786U 26086W   26119.91668981 -.01770491  00000+0 -78740-2 0  9992
2 68786  97.2760 155.5291 0001559  84.8572 104.0480 15.87270303  2780
STARLINK-37292
1 68787U 26086X   26119.91668981 -.01774001  00000+0 -77462-2 0  9994
2 68787  97.2757 155.5340 0001539  79.7107 119.8321 15.87646375  2781
STARLINK-37403
1 68788U 26086Y   26119.91668981 -.01770552  00000+0 -78223-2 0  9998
2 68788  97.2754 155.5302 0001597  81.7833 110.6213 15.87403340  2894
STARLINK-37413
1 68789U 26086Z   26119.91668981 -.01766629  00000+0 -79039-2 0  9995
2 68789  97.2762 155.5277 0001504  82.6958 102.6341 15.87143257  2780
STARLINK-37313
1 68790U 26086AA  26119.91668981 -.01764885  00000+0 -76387-2 0  9992
2 68790  97.2751 155.5354 0001535  81.6202 121.1300 15.87806747  2782
NAVSTAR 86 (USA 585)
1 68791U 26087A   26112.34150053  .00002417  00000+0  19778-2 0  9994
2 68791  54.9968 210.8716 5942075 270.2176  26.1146  4.03281331    56
FSI-SAT2
1 68792U 26088A   26115.68414791  .00000849  00000+0  61705-4 0  9994
2 68792  97.4990 266.2992 0012809 287.5176  72.4651 15.06389719   389
KAKUSHIN RISING OBJECT B
1 68793U 26088B   26114.82029179  .00001527  00000+0  10684-3 0  9995
2 68793  97.5001 265.4583 0014328 287.2171  72.7488 15.06668645   256
KAKUSHIN RISING OBJECT C
1 68794U 26088C   26115.68335249  .00001627  00000+0  11308-3 0  9994
2 68794  97.4987 266.2982 0011167 274.3659  85.6293 15.06864662   385
ORIGAMISAT-2
1 68795U 26088D   26113.82356135  .00001590  00000+0  10758-3 0  9993
2 68795  97.5008 264.4888 0014430 266.4157  93.5420 15.07861282   103
ARICA-2
1 68796U 26088E   26113.82352201  .00001593  00000+0  10752-3 0  9991
2 68796  97.4989 264.4863 0014541 264.6248  95.3321 15.07951070   103
WASEDA-SAT-ZERO-II
1 68797U 26088F   26113.82350997  .00001596  00000+0  10767-3 0  9991
2 68797  97.5012 264.4822 0014814 262.4592  97.4954 15.07975758   102
MAGNARO-II PISCIS
1 68798U 26088G   26113.82334568  .00001591  00000+0  10611-3 0  9991
2 68798  97.4999 264.4888 0017891 266.9056  93.0125 15.08353756   101
KAKUSHIN RISING OBJECT H
1 68799U 26088H   26113.82333913  .00001590  00000+0  10605-3 0  9997
2 68799  97.4986 264.4881 0017899 267.0829  92.8351 15.08368885   106
ELECTRON R/B
1 68800U 26088J   26113.86170093  .00637055  22657-5  47113-3 0  9995
2 68800  97.4982 264.6236 0273619 210.4209 148.0935 15.69511433   118
ELECTRON KICK STAGE R/B
1 68801U 26088K   26114.88540975  .00255201  23514-5  32364-3 0  9993
2 68801  97.4749 265.6383 0259042 258.0339  99.1777 15.66715126   279
STARLINK-37471
1 68802U 26089A   26119.91668981 -.02144021  12311-2 -69084-2 0  9991
2 68802  97.2855 325.2570 0001193 108.9799 216.4429 15.91052517  2302
STARLINK-37460
1 68803U 26089B   26119.91668981 -.02182538  12767-2 -69460-2 0  9990
2 68803  97.2856 325.2581 0001413  96.3262 231.3340 15.91299305  2245
STARLINK-37473
1 68804U 26089C   26119.91668981 -.02181055  12775-2 -68754-2 0  9998
2 68804  97.2854 325.2592 0001375 103.0070 227.2676 15.91486152  2240
STARLINK-36832
1 68805U 26089D   26119.91668981 -.02172290  12703-2 -67828-2 0  9992
2 68805  97.2850 325.2603 0001320 102.8351 229.8850 15.91672125  2248
STARLINK-37370
1 68806U 26089E   26119.91668981 -.02158642  12574-2 -66811-2 0  9995
2 68806  97.2852 325.2614 0001348 100.0732 235.2755 15.91842698  2245
STARLINK-37366
1 68807U 26089F   26119.91668981 -.02144310  12440-2 -65726-2 0  9999
2 68807  97.2851 325.2622 0001344  99.5794 238.0350 15.92030640  2249
STARLINK-37446
1 68808U 26089G   26119.91668981 -.02134298  12354-2 -64813-2 0  9994
2 68808  97.2851 325.2634 0001319  99.9023 240.1064 15.92210784  2249
STARLINK-37405
1 68809U 26089H   26119.91668981 -.02121478  12236-2 -63853-2 0  9993
2 68809  97.2849 325.2645 0001350  95.5990 246.8550 15.92382149  2304
STARLINK-37447
1 68810U 26089J   26119.91668981 -.02123300  12279-2 -63325-2 0  9992
2 68810  97.2846 325.2655 0001383  97.1061 247.8659 15.92559789  2247
STARLINK-37442
1 68811U 26089K   26119.91668981 -.02113399  12193-2 -62463-2 0  9997
2 68811  97.2847 325.2663 0001363  91.5634 255.7410 15.92733706  2303
STARLINK-37431
1 68812U 26089L   26119.91668981 -.02102447  12095-2 -61588-2 0  9998
2 68812  97.2844 325.2673 0001306  97.4129 252.3094 15.92904788  2247
STARLINK-37426
1 68813U 26089M   26119.91668981 -.02088693  11967-2 -60644-2 0  9994
2 68813  97.2844 325.2685 0001317  93.6335 258.3379 15.93074223  2245
STARLINK-37459
1 68814U 26089N   26119.91668981 -.02082022  11916-2 -59920-2 0  9994
2 68814  97.2840 325.2692 0001295  96.6247 257.7049 15.93243153  2247
STARLINK-37425
1 68815U 26089P   26119.91668981 -.02063517  11757-2 -58379-2 0  9993
2 68815  97.2838 325.2712 0001393  86.9242 272.1089 15.93569317  2242
STARLINK-37315
1 68816U 26089Q   26119.91668981 -.02070334  11811-2 -59067-2 0  9995
2 68816  97.2840 325.2702 0001316  90.6927 265.8803 15.93408930  2248
STARLINK-37444
1 68817U 26089R   26119.91668981 -.02066190  11807-2 -57952-2 0  9997
2 68817  97.2834 325.2718 0001297  94.6690 266.8416 15.93734964  2305
STARLINK-37450
1 68818U 26089S   26119.91668981 -.02057923  11738-2 -57227-2 0  9990
2 68818  97.2835 325.2730 0001481  88.7032 274.9500 15.93897290  2249
STARLINK-37409
1 68819U 26089T   26119.91668981 -.02050159  11674-2 -56538-2 0  9998
2 68819  97.2834 325.2740 0001369  93.7429 272.3472 15.94055483  2242
STARLINK-37470
1 68820U 26089U   26119.91668981 -.02026471  11480-2 -54485-2 0  9994
2 68820  97.2831 325.2766 0001254  94.0533 278.5011 15.94534680  2240
STARLINK-37421
1 68821U 26089V   26119.91668981 -.02044469  11633-2 -55907-2 0  9992
2 68821  97.2835 325.2755 0001408  91.7198 276.5401 15.94215443  2249
STARLINK-37462
1 68822U 26089W   26119.91668981 -.02040042  11606-2 -55301-2 0  9994
2 68822  97.2832 325.2758 0001290  98.7526 271.6465 15.94380769  2241
STARLINK-37410
1 68823U 26089X   26119.91668981 -.02026277  11497-2 -54041-2 0  9997
2 68823  97.2834 325.2781 0001302  91.5173 283.4402 15.94687330  2249
STARLINK-37443
1 68824U 26089Y   26119.91668981 -.02027375  11528-2 -53631-2 0  9997
2 68824  97.2832 325.2794 0001351  85.3486 292.0997 15.94841179  2309
STARLINK-37015
1 68825U 26089Z   26119.91668981 -.02027229  11546-2 -53174-2 0  9998
2 68825  97.2830 325.2796 0001282  93.3204 286.2549 15.95001188  2240
2026-090A
1 68826U 26090A   26114.73803336  .00037958  00000+0  20267-3 0  9995
2 68826  96.6459  34.2833 0011850 244.0774 115.9275 15.80198214   220
2026-090B
1 68827U 26090B   26114.67468931  .00037787  00000+0  20159-3 0  9997
2 68827  96.6473  34.2234 0011965 243.5513 116.4530 15.80215914   210
2026-090C
1 68828U 26090C   26114.73795262  .00038137  00000+0  20274-3 0  9993
2 68828  96.6472  34.2814 0011834 242.5779 117.4288 15.80294056   228
2026-090D
1 68829U 26090D   26114.73793650  .00031010  00000+0  16485-3 0  9995
2 68829  96.6466  34.2825 0012600 241.1997 118.8008 15.80312640   228
HULIANWANG JISHU SHIYAN*
1 68831U 26091A   26118.65906553  .00001656  00000+0  91997-4 0  9997
2 68831  54.9993 238.1031 0008482 291.2601  68.7512 15.19434621   676
HULIANWANG JISHU SHIYAN*
1 68832U 26091B   26118.65986281  .00001698  00000+0  94766-4 0  9997
2 68832  54.9997 238.1111 0008581 282.9875  77.0186 15.19121536   678
HULIANWANG JISHU SHIYAN*
1 68833U 26091C   26118.59258559  .00003349  00000+0  16969-3 0  9994
2 68833  54.9988 238.3859 0008877 297.0826  62.9288 15.19677359   665
HULIANWANG JISHU SHIYAN*
1 68834U 26091D   26118.72311870  .00001556  00000+0  85606-4 0  9999
2 68834  54.9992 237.8086 0009094 308.4257  51.5946 15.20161859   686
PRSC-E03
1 68835U 26092A   26118.07999911  .00002925  00000+0  20185-3 0  9998
2 68835  38.0027  25.0972 0004773 334.4350  25.6175 15.06422626   392
PROGRESS-MS 34
1 68837U 26093A   26119.68381909  .00007324  00000+0  14081-3 0  9997
2 68837  51.6318 180.1788 0007117   4.9077 355.1979 15.49024031   383
SL-4 R/B
1 68838U 26093B   26117.63842432  .08101162  12482-4  42104-3 0  9996
2 68838  51.6491 189.8262 0008279  80.4171 279.7792 16.42181963   288
