STARLINK-37162
1 68262U 26055A   26106.82712188  .00249090  00000+0  12257-2 0  9996
2 68262  53.1573 146.1667 0001855  76.3333 283.7896 15.80940181  5718
STARLINK-37156
1 68263U 26055B   26106.82636881  .00186743  00000+0  92666-3 0  9990
2 68263  53.1576 146.1607 0001238  83.8975 276.2189 15.80935926  5719
STARLINK-37163
1 68264U 26055C   26106.82487052  .00230700  00000+0  11376-2 0  9996
2 68264  53.1570 146.1506 0001774  78.2592 281.8630 15.80946416  5719
STARLINK-37133
1 68265U 26055D   26106.82562374  .00184172  00000+0  91514-3 0  9992
2 68265  53.1564 146.1576 0001520  61.6764 298.4412 15.80914093  5714
STARLINK-37042
1 68266U 26055E   26106.82412435  .00255581  00000+0  12562-2 0  9993
2 68266  53.1562 146.1462 0002205  72.3072 287.8192 15.80946469  5718
STARLINK-37103
1 68267U 26055F   26106.82337156  .00160706  00000+0  80095-3 0  9991
2 68267  53.1570 146.1416 0001738  73.2744 286.8470 15.80919589  5714
STARLINK-36999
1 68268U 26055G   26106.82262025  .00260377  00000+0  12786-2 0  9990
2 68268  53.1573 146.1360 0001676  73.7822 286.3385 15.80952690  5719
STARLINK-36962
1 68269U 26055H   26106.82187049  .00274689  00000+0  13457-2 0  9990
2 68269  53.1564 146.1320 0001421  69.2032 290.9143 15.80965069  5714
STARLINK-37028
1 68270U 26055J   26106.82037349  .00294622  00000+0  14396-2 0  9991
2 68270  53.1571 146.1204 0002195  76.3440 283.7827 15.80967019  5712
STARLINK-37029
1 68271U 26055K   26106.82112086  .00265630  00000+0  13036-2 0  9991
2 68271  53.1573 146.1254 0001728  73.7953 286.3259 15.80952122  5718
STARLINK-36974
1 68272U 26055L   26104.85985134  .00256894  00000+0  12699-2 0  9991
2 68272  53.1577 155.9380 0003129  39.9825 320.1428 15.80815754  5400
STARLINK-37019
1 68273U 26055M   26106.43955353  .00193722  00000+0  96051-3 0  9993
2 68273  53.1571 148.0113 0001490  53.9241 306.1919 15.80932782  5656
STARLINK-37129
1 68274U 26055N   26106.81812103  .00315126  00000+0  15358-2 0  9995
2 68274  53.1562 146.1052 0001521  68.6677 291.4509 15.80968111  5712
STARLINK-37123
1 68275U 26055P   26106.81736657  .00175975  00000+0  87515-3 0  9996
2 68275  53.1577 146.0997 0000814  95.6082 264.5033 15.80920262  5718
STARLINK-37125
1 68276U 26055Q   26106.56373906  .00144982  00000+0  72399-3 0  9991
2 68276  53.1573 147.3614 0001004 106.2200 253.8934 15.80927593  5678
STARLINK-36989
1 68277U 26055R   26106.81437218  .00187990  00000+0  93300-3 0  9998
2 68277  53.1571 146.0789 0002216  73.3906 286.7360 15.80927660  5717
STARLINK-36982
1 68278U 26055S   26106.81512020  .00245225  00000+0  12065-2 0  9998
2 68278  53.1568 146.0848 0002032  72.0810 288.0434 15.80954116  5719
STARLINK-36934
1 68279U 26055T   26106.81586963  .00269540  00000+0  13214-2 0  9999
2 68279  53.1574 146.0902 0001771  63.6384 296.4820 15.80964595  5713
STARLINK-37070
1 68280U 26055U   26106.56073869  .00239945  00000+0  11807-2 0  9991
2 68280  53.1573 147.3418 0000915  77.2207 282.8918 15.80965349  5674
STARLINK-37134
1 68281U 26055V   26106.81211885  .00191242  00000+0  94883-3 0  9995
2 68281  53.1570 146.0633 0001538  74.9566 285.1627 15.80926136  5710
STARLINK-37160
1 68282U 26055W   26106.37032916  .00188800  00000+0  93613-3 0  9999
2 68282  53.1576 148.2881 0000934 121.3598 238.7517 15.80947001  5645
STARLINK-37124
1 68283U 26055X   26106.81136832  .00249090  00000+0  12247-2 0  9993
2 68283  53.1569 146.0597 0001585  67.6888 292.4303 15.80958510  5710
STARLINK-37159
1 68284U 26055Y   26105.60954281 -.00066156  00000+0 -34089-3 0  9997
2 68284  53.1579 152.0753 0002607  72.7436 287.3872 15.80438005  5520
STARLINK-36725
1 68285U 26055Z   26106.80986859  .00235210  00000+0  11582-2 0  9996
2 68285  53.1571 146.0478 0001594  64.4853 295.6334 15.80963016  5716
STARLINK-36998
1 68286U 26055AA  26106.80836850  .00276224  00000+0  13528-2 0  9994
2 68286  53.1571 146.0402 0001990  56.5452 303.5761 15.80967863  5718
STARLINK-37165
1 68287U 26055AB  26106.80762553  .00227578  00000+0  11234-2 0  9993
2 68287  53.1576 146.0333 0003233  75.4735 284.6646 15.80929181  5715
STARLINK-37016
1 68288U 26055AC  26106.80911481  .00209119  00000+0  10345-2 0  9993
2 68288  53.1574 146.0457 0000655  82.6899 277.4199 15.80938220  5714
STARLINK-37010
1 68289U 26055AD  26106.80686671  .00191624  00000+0  95262-3 0  9997
2 68289  53.1574 146.0288 0001824  96.3293 263.7937 15.80881331  5714
STARLINK-37151
1 68290U 26055AE  26106.80611782  .00189679  00000+0  94076-3 0  9999
2 68290  53.1570 146.0222 0002104  50.0040 310.1167 15.80937304  5713
STRIX-6
1 68291U 26056A   26105.23702737  .00001471  00000+0  13870-3 0  9994
2 68291  50.2828 287.2716 0016370   2.5777 357.5254 14.99764595  3824
ELECTRON KICK STAGE R/B
1 68293U 26056C   26106.82937749  .00055665  00000+0  83024-3 0  9997
2 68293  50.2897 271.4159 0147150 121.4069 240.1386 15.42939794  4181
STARLINK-37107
1 68294U 26057A   26106.62058738  .00225541  00000+0  14691-2 0  9994
2 68294  97.2847 230.9153 0000885   7.1606 352.9671 15.75258292  4252
STARLINK-37147
1 68295U 26057B   26106.81505367  .00222640  00000+0  14493-2 0  9998
2 68295  97.2853 231.1117 0001421  56.3608 303.7793 15.75279517  4283
STARLINK-37142
1 68296U 26057C   26106.91668981 -.00100079  00000+0 -67675-3 0  9996
2 68296  97.2856 231.2476 0001468  94.3173 185.7674 15.75231258  5193
STARLINK-37115
1 68297U 26057D   26106.91832244  .00188463  00000+0  96168-3 0  9992
2 68297  97.2874 231.2763 0001899  68.2168 291.9302 15.80857796  4302
STARLINK-36355
1 68298U 26057E   26106.66586835  .00350344  00000+0  17477-2 0  9991
2 68298  97.2855 231.0086 0001175  51.2939 308.8435 15.80935721  4268
STARLINK-37118
1 68299U 26057F   26106.91668981 -.01890287  00000+0 -13250-1 0  9995
2 68299  97.2853 231.2792 0001373  70.9501 287.2960 15.77282072  5305
STARLINK-36875
1 68300U 26057G   26106.91681856  .00163627  00000+0  83717-3 0  9999
2 68300  97.2855 231.2789 0001712  48.9152 311.2264 15.80864979  4300
STARLINK-37099
1 68301U 26057H   26106.91531141  .00196916  00000+0  10044-2 0  9990
2 68301  97.2846 231.2799 0001346  78.8232 281.3187 15.80846203  4307
STARLINK-37007
1 68302U 26057J   26106.28079822  .00358201  00000+0  17837-2 0  9998
2 68302  97.2868 230.6115 0000758 116.6587 243.4759 15.80954612  4204
STARLINK-36300
1 68303U 26057K   26106.72465883  .00121098  00000+0  62339-3 0  9994
2 68303  97.2856 231.0812 0001546  52.0512 308.0896 15.80844778  4276
STARLINK-36849
1 68304U 26057L   26106.91668981 -.00116638  00000+0 -78936-3 0  9996
2 68304  97.2853 231.2751 0001585  87.7832 260.3150 15.75261021  5363
STARLINK-36277
1 68305U 26057M   26106.94704795  .00149959  00000+0  98929-3 0  9998
2 68305  97.2866 231.2350 0001343  72.4360 287.7052 15.75176305  4309
STARLINK-36307
1 68306U 26057N   26106.59580058  .00287074  00000+0  14277-2 0  9998
2 68306  97.2853 230.9492 0004632 111.9494 248.2268 15.81157939  4254
STARLINK-36264
1 68307U 26057P   26106.93469748  .00145253  00000+0  95731-3 0  9996
2 68307  97.2863 231.2526 0001354  59.9766 300.1633 15.75212309  4305
STARLINK-37138
1 68308U 26057Q   26106.91668981 -.00076950  00000+0 -51902-3 0  9996
2 68308  97.2864 231.2383 0001351  89.0507 179.0389 15.75219221  5191
STARLINK-37149
1 68309U 26057R   26106.61882173  .00161084  00000+0  10587-2 0  9999
2 68309  97.2865 230.9149 0001244  70.1141 290.0258 15.75230982  4257
STARLINK-37148
1 68310U 26057S   26106.60964657  .00163790  00000+0  10763-2 0  9990
2 68310  97.2858 230.9276 0001844  82.8628 277.2847 15.75227874  4255
STARLINK-37140
1 68311U 26057T   26106.33884020  .00274717  00000+0  13898-2 0  9990
2 68311  97.2861 230.6859 0001793  86.6975 273.4498 15.80822479  4218
STARLINK-36854
1 68312U 26057U   26106.65383991  .00177620  00000+0  90657-3 0  9991
2 68312  97.2865 231.0233 0001030  60.0117 300.1254 15.80881529  4266
STARLINK-36815
1 68313U 26057V   26106.90629576  .00196630  00000+0  10017-2 0  9995
2 68313  97.2869 231.2910 0001611  42.5558 317.5835 15.80873586  4300
STARLINK-37155
1 68314U 26057W   26106.90479409  .00184653  00000+0  94262-3 0  9991
2 68314  97.2877 231.2924 0001407  84.5927 275.5502 15.80859494  4300
STARLINK-37150
1 68315U 26057X   26106.92905117  .00133203  00000+0  87896-3 0  9994
2 68315  97.2866 231.2597 0001743  61.5358 298.6083 15.75218348  4302
STARLINK-37154
1 68316U 26057Y   26106.60294140  .00181549  00000+0  11902-2 0  9997
2 68316  97.2839 230.9361 0002314  96.8097 263.3431 15.75231296  4251
STARLINK-37139
1 68317U 26057Z   26106.77743536  .00260859  00000+0  13189-2 0  9995
2 68317  97.2848 231.1588 0000638  77.6856 282.4484 15.80872313  4283
STARLINK-37113
1 68318U 26057AA  26106.60505854  .00227021  00000+0  14782-2 0  9991
2 68318  97.2848 230.9338 0002569  98.3814 261.7742 15.75261093  4258
PROGRESS-MS 33
1 68319U 26058A   26106.84451400  .00004242  00000+0  85733-4 0  9990
2 68319  51.6329 243.6903 0006573 315.5681  44.4780 15.48789484  3167
STARLINK-36987
1 68321U 26059A   26106.91668981 -.01900817  00000+0 -20924-1 0  9990
2 68321  53.1594 171.5133 0001120  54.3800  69.1552 15.65609729  5186
STARLINK-37088
1 68322U 26059B   26106.91668981 -.01901774  00000+0 -22267-1 0  9996
2 68322  53.1591 171.5383 0001010  55.8379  55.1432 15.64076892  5186
STARLINK-36983
1 68323U 26059C   26106.91668981 -.01879091  00000+0 -27442-1 0  9993
2 68323  53.1600 171.7423 0000771  77.9451 292.6916 15.58374171  5183
STARLINK-37164
1 68324U 26059D   26106.91668981 -.01896882  00000+0 -23918-1 0  9995
2 68324  53.1597 171.5876 0000955  71.4209  15.2739 15.62199220  5180
STARLINK-36309
1 68325U 26059E   26106.91668981 -.01908586  00000+0 -21207-1 0  9990
2 68325  53.1590 171.4840 0001193  58.3132  79.3314 15.65390648  5188
STARLINK-37206
1 68326U 26059F   26106.91668981 -.01908215  00000+0 -22035-1 0  9990
2 68326  53.1592 171.5017 0001131  56.2187  72.5716 15.64433672  5182
STARLINK-37199
1 68327U 26059G   26106.91668981  .00021053  00000+0  38601-3 0  9992
2 68327  53.1596 172.2544 0000933  39.8574  78.1450 15.49275936  5183
STARLINK-36245
1 68328U 26059H   26106.91668981 -.01895622  00000+0 -23874-1 0  9991
2 68328  53.1597 171.5426 0001042  60.8546  47.6169 15.62225726  5186
STARLINK-37204
1 68329U 26059J   26106.91668981 -.01876898  00000+0 -28377-1 0  9999
2 68329  53.1594 171.7265 0000766  83.3278 294.9615 15.57457103  5184
STARLINK-37001
1 68330U 26059K   26106.91668981  .00013092  00000+0  24312-3 0  9994
2 68330  53.1598 172.3727 0001096  70.3779 349.0343 15.49299994  5182
STARLINK-36932
1 68331U 26059L   26106.91668981 -.01904402  00000+0 -22416-1 0  9993
2 68331  53.1592 171.4717 0001251  58.6756  84.5485 15.63946394  5180
STARLINK-37205
1 68332U 26059M   26106.91668981 -.01877085  00000+0 -28496-1 0  9994
2 68332  53.1596 171.6952 0000782  82.2274 310.9828 15.57349201  5188
STARLINK-37180
1 68333U 26059N   26106.91668981  .00009862  00000+0  18519-3 0  9999
2 68333  53.1601 172.4840 0001055  67.7403 296.4463 15.49301353  5187
STARLINK-37191
1 68334U 26059P   26106.91668981 -.01874451  00000+0 -28662-1 0  9995
2 68334  53.1600 171.6854 0000799  77.9992 319.8183 15.57153755  5182
STARLINK-37217
1 68335U 26059Q   26106.91668981 -.01896317  00000+0 -30044-1 0  9998
2 68335  53.1597 171.7156 0000735  78.5762 304.3831 15.56251118  5186
STARLINK-37143
1 68336U 26059R   26106.91668981 -.01897351  00000+0 -25787-1 0  9996
2 68336  53.1596 171.5479 0000971  72.4533  33.0985 15.60277591  5187
STARLINK-36237
1 68337U 26059S   26106.91668981 -.01914136  00000+0 -21694-1 0  9991
2 68337  53.1588 171.3913 0001292  65.8445 116.5092 15.64907081  5189
STARLINK-36254
1 68338U 26059T   26106.91668981 -.01914799  00000+0 -21178-1 0  9994
2 68338  53.1593 171.3571 0001331  69.8760 129.1720 15.65514045  5187
STARLINK-37200
1 68339U 26059U   26106.91668981 -.01915512  00000+0 -21498-1 0  9994
2 68339  53.1588 171.3757 0001308  67.6858 122.2633 15.65152397  5181
STARLINK-37185
1 68340U 26059V   26106.91668981 -.01903269  00000+0 -24679-1 0  9996
2 68340  53.1593 171.4701 0001252  65.3137  78.1235 15.61493637  5180
STARLINK-37181
1 68341U 26059W   26106.91668981 -.01902521  00000+0 -23530-1 0  9992
2 68341  53.1591 171.4221 0001273  63.3964 103.7091 15.62696539  5187
STARLINK-37192
1 68342U 26059X   26106.91668981  .00008958  00000+0  16899-3 0  9993
2 68342  53.1599 172.4999 0000735  76.1444 279.5521 15.49300491  5180
STARLINK-37158
1 68343U 26059Y   26106.91668981 -.01869650  00000+0 -26826-1 0  9990
2 68343  53.1595 171.5309 0000910  65.1910  48.0848 15.58818608  5188
STARLINK-36380
1 68344U 26059Z   26106.91668981 -.01897381  00000+0 -30193-1 0  9995
2 68344  53.1599 171.6590 0000709  69.9608 340.4182 15.56136469  5184
STARLINK-37214
1 68345U 26059AA  26106.91668981 -.01877616  00000+0 -26506-1 0  9998
2 68345  53.1597 171.4965 0001122  52.6539  77.2309 15.59255326  5182
STARLINK-37169
1 68346U 26059AB  26106.91668981 -.01876478  00000+0 -28809-1 0  9992
2 68346  53.1602 171.5752 0001057  52.9893  38.1799 15.57048406  5184
STARLINK-37136
1 68347U 26059AC  26106.91668981 -.01914979  00000+0 -22906-1 0  9994
2 68347  53.1593 171.3327 0001289  76.7513 133.3516 15.63561145  5182
STARLINK-37182
1 68348U 26059AD  26106.91668981 -.01876387  00000+0 -26618-1 0  9999
2 68348  53.1584 171.5103 0001052  51.2181  72.0153 15.59126784  5181
STARLINK-37183
1 68349U 26059AE  26106.91668981 -.01917839  00000+0 -22614-1 0  9990
2 68349  53.1592 171.3135 0001337  80.3731 139.3010 15.63924165  5187
CENTISPACE-1 OBJECT A
1 68350U 26060A   26106.92362715  .00000396  00000+0  91906-4 0  9992
2 68350  54.9807 285.7172 0010455 337.9785  22.0763 14.73546676  3738
CENTISPACE-1 OBJECT B
1 68351U 26060B   26106.37850240  .00000401  00000+0  92248-4 0  9994
2 68351  54.9811 287.9132 0010912 340.9061  19.1527 14.73764172  3652
CENTISPACE-1 OBJECT C
1 68352U 26060C   26106.91961336 -.00000080  00000+0  19293-4 0  9997
2 68352  54.9806 285.6939 0009965   6.0693 354.0425 14.73747117  3731
CENTISPACE-1 OBJECT D
1 68353U 26060D   26106.91742119 -.00000083  00000+0  18816-4 0  9997
2 68353  54.9829 285.6863 0011500  10.7303 349.3939 14.74294102  3730
CENTISPACE-1 OBJECT E
1 68354U 26060E   26106.91530505 -.00000089  00000+0  17950-4 0  9996
2 68354  54.9767 285.6604 0012781   7.0074 353.1101 14.74547136  3733
CENTISPACE-1 OBJECT F
1 68355U 26060F   26106.91807267 -.00000080  00000+0  19256-4 0  9991
2 68355  54.9770 285.6738 0010636   1.4779 358.6250 14.73876922  3735
CENTISPACE-1 OBJECT G
1 68356U 26060G   26106.91271009 -.00000089  00000+0  17820-4 0  9995
2 68356  54.9874 285.6678 0012985   3.2338 356.8743 14.74588473  3733
CENTISPACE-1 OBJECT H
1 68357U 26060H   26106.84637510 -.00000088  00000+0  18060-4 0  9997
2 68357  54.9852 285.9518 0012011  10.8208 349.3048 14.74219081  3726
CENTISPACE-1 OBJECT J
1 68358U 26060J   26106.91461897 -.00000083  00000+0  18824-4 0  9992
2 68358  54.9809 285.6680 0011528   6.4997 353.6150 14.74011505  3738
CENTISPACE-1 OBJECT K
1 68359U 26060K   26094.64400183  .00000084  00000+0  43131-4 0  9999
2 68359  54.9800 335.6935 0014769 336.0624  23.9687 14.75283234  1920
RASSVET-3 1
1 68360U 26061A   26106.97765221  .00067947  44384-6  26336-3 0  9997
2 68360  82.2940  81.2588 0020724 345.3472  14.7195 15.86673381  3856
RASSVET-3 2
1 68361U 26061B   26106.95984582  .00093651  19875-5  28861-3 0  9991
2 68361  82.2962  81.2366 0021924 342.3801  17.6708 15.91223222  3854
RASSVET-3 3
1 68362U 26061C   26106.95966064  .00090168  17594-5  27811-3 0  9997
2 68362  82.2962  81.2359 0021657 342.1569  17.8940 15.91214326  3854
RASSVET-3 4
1 68363U 26061D   26106.96035313  .00089852  17329-5  27974-3 0  9997
2 68363  82.2969  81.2384 0022212 342.3048  17.7448 15.91011056  3859
RASSVET-3 5
1 68364U 26061E   26106.95952535  .00089778  17329-5  27755-3 0  9995
2 68364  82.2962  81.2356 0021781 342.1510  17.8995 15.91164130  3854
RASSVET-3 6
1 68365U 26061F   26106.95779762  .00091533  18510-5  28084-3 0  9996
2 68365  82.2964  81.2333 0021521 342.3388  17.7133 15.91322992  3854
RASSVET-3 7
1 68366U 26061G   26106.95901939  .00088554  16562-5  27346-3 0  9994
2 68366  82.2961  81.2351 0021550 342.1608  17.8905 15.91194003  3855
RASSVET-3 8
1 68367U 26061H   26106.95931389  .00092082  18820-5  28470-3 0  9996
2 68367  82.2964  81.2354 0021659 341.9935  18.0568 15.91169546  3854
RASSVET-3 9
1 68368U 26061J   26106.76450703  .00089887  17594-5  26919-3 0  9994
2 68368  82.2957  81.4382 0020554 344.7763  15.2888 15.91826449  3826
RASSVET-3 10
1 68369U 26061K   26106.95904353  .00089941  17415-5  27898-3 0  9991
2 68369  82.2964  81.2354 0021614 342.0562  17.9945 15.91106440  3856
RASSVET-3 11
1 68370U 26061L   26106.95847358  .00090454  17749-5  28038-3 0  9992
2 68370  82.2965  81.2343 0021458 341.9665  18.0843 15.91125908  3854
RASSVET-3 12
1 68371U 26061M   26106.95638972  .00101790  25675-5  30927-3 0  9996
2 68371  82.2964  81.2311 0020980 341.7842  18.2676 15.91540629  3850
RASSVET-3 13
1 68372U 26061N   26106.95578775  .00091142  18298-5  27809-3 0  9998
2 68372  82.2957  81.2295 0020889 341.7121  18.3398 15.91454453  3853
RASSVET-3 14
1 68373U 26061P   26106.95458200  .00092866  19505-5  28016-3 0  9996
2 68373  82.2963  81.2282 0020645 341.7171  18.3357 15.91684193  3853
RASSVET-3 15
1 68374U 26061Q   26106.38755351  .00080527  11845-5  24331-3 0  9997
2 68374  82.2958  81.8695 0020604 344.5305  15.5335 15.91644242  3763
RASSVET-3 16
1 68375U 26061R   26106.92748030  .00053349  00000+0  24555-3 0  9999
2 68375  82.2945  81.3495 0018848 351.2478   8.8458 15.83109282  3847
SUPERVIEW NEO-2 OBJECT A
1 68377U 26062A   26106.12567791  .00001530  00000+0  74660-4 0  9995
2 68377  97.4383 114.3177 0003484 165.7781 194.3553 15.19800366  3221
SUPERVIEW NEO-2 OBJECT B
1 68378U 26062B   26106.12564248  .00001567  00000+0  76527-4 0  9994
2 68378  97.4416 114.3161 0002000  97.3979 262.7483 15.19718143  3227
CZ-2D R/B
1 68379U 26062C   26106.95297536  .00006170  00000+0  19796-3 0  9998
2 68379  97.4971 115.4745 0050883 344.3391  15.6273 15.31432324  3375
STARLINK-36296
1 68380U 26063A   26106.91668981 -.00060681  00000+0 -40829-3 0  9993
2 68380  97.2862 248.7472 0001307  98.7167 114.1069 15.75222035  1807
STARLINK-37111
1 68381U 26063B   26106.91668981  .00049530  00000+0  33093-3 0  9997
2 68381  97.2860 248.5801 0001612  62.0648 130.6599 15.75195162  4609
STARLINK-36946
1 68382U 26063C   26106.94172142  .00171861  00000+0  87822-3 0  9992
2 68382  97.2846 248.6164 0001382  88.8733 271.2693 15.80870618  3666
STARLINK-37121
1 68383U 26063D   26106.91668981 -.00051627  00000+0 -34711-3 0  9999
2 68383  97.2861 248.5703 0001046 107.3406  61.5182 15.75206819  4601
STARLINK-37137
1 68384U 26063E   26106.90702806  .00100605  00000+0  66661-3 0  9992
2 68384  97.2841 248.5105 0001264  95.4892 264.6517 15.75219189  3650
STARLINK-37128
1 68385U 26063F   26106.93946688  .00114814  00000+0  59132-3 0  9996
2 68385  97.2843 248.6201 0001354  73.4524 286.6893 15.80852135  3661
STARLINK-37198
1 68386U 26063G   26106.89115098  .00157179  00000+0  10341-2 0  9994
2 68386  97.2848 248.5323 0001423  62.8016 297.3394 15.75218171  3650
STARLINK-37223
1 68387U 26063H   26106.68475630  .00166547  00000+0  85126-3 0  9996
2 68387  97.2841 248.3540 0001145  63.3594 296.7792 15.80879850  3626
STARLINK-37203
1 68388U 26063J   26106.93720989  .00112886  00000+0  58172-3 0  9993
2 68388  97.2842 248.6230 0001215  60.7639 299.3750 15.80845056  3664
STARLINK-37197
1 68389U 26063K   26106.90067692  .00082524  00000+0  54853-3 0  9993
2 68389  97.2844 248.5188 0001418  75.8636 284.2787 15.75201882  3656
STARLINK-37193
1 68390U 26063L   26106.91668981 -.00037074  00000+0 -24865-3 0  9996
2 68390  97.2846 248.8219 0001396  89.7434 315.0577 15.75200844  2930
STARLINK-37216
1 68391U 26063M   26106.91668981 -.00071636  00000+0 -48268-3 0  9992
2 68391  97.2855 248.5987 0001564  90.1628 146.6833 15.75225726  4603
STARLINK-37215
1 68392U 26063N   26106.87090257  .00103547  00000+0  53379-3 0  9997
2 68392  97.2841 248.5602 0001537 104.0520 256.0919 15.80862367  3658
STARLINK-37184
1 68393U 26063P   26106.93345139  .00099073  00000+0  51106-3 0  9991
2 68393  97.2840 248.6280 0001342  63.5712 296.5693 15.80861005  3664
STARLINK-37157
1 68394U 26063Q   26106.89291185  .00058688  00000+0  39143-3 0  9992
2 68394  97.2855 248.5292 0001077  87.9672 272.1717 15.75202688  3659
STARLINK-37172
1 68395U 26063R   26106.88479742  .00108487  00000+0  71818-3 0  9997
2 68395  97.2855 248.5402 0001371  69.6014 290.5398 15.75216452  3650
STARLINK-37190
1 68396U 26063S   26106.93195188  .00129871  00000+0  66738-3 0  9998
2 68396  97.2841 248.6288 0001343  79.7182 280.4238 15.80859601  3663
STARLINK-37194
1 68397U 26063T   26106.93044684  .00107532  00000+0  55443-3 0  9994
2 68397  97.2841 248.6313 0001291  84.7065 275.4351 15.80848198  3660
STARLINK-37220
1 68398U 26063U   26106.91668981 -.00044757  00000+0 -30051-3 0  9994
2 68398  97.2857 248.6073 0001510  76.3751 180.4784 15.75209386  4608
STARLINK-37187
1 68399U 26063V   26106.92969511  .00067793  00000+0  35178-3 0  9997
2 68399  97.2840 248.6323 0001379 102.2552 257.8871 15.80824732  3665
STARLINK-36235
1 68400U 26063W   26106.92819180  .00103180  00000+0  53220-3 0  9995
2 68400  97.2840 248.6340 0001493  61.5256 298.6163 15.80851158  3661
STARLINK-37175
1 68401U 26063X   26106.81738484  .00099401  00000+0  65864-3 0  9998
2 68401  97.2854 248.4790 0001020  79.2537 280.8843 15.75222899  3642
STARLINK-36360
1 68402U 26063Y   26106.92668925  .00106776  00000+0  55028-3 0  9998
2 68402  97.2840 248.6362 0001308  78.6677 281.4738 15.80859953  3667
STARLINK-37218
1 68403U 26063Z   26106.92518640  .00064452  00000+0  33425-3 0  9998
2 68403  97.2839 248.6393 0001646  55.9732 304.1692 15.80847544  3660
STARLINK-37188
1 68404U 26063AA  26106.92593633  .00066732  00000+0  34606-3 0  9999
2 68404  97.2840 248.6376 0001500  61.1218 299.0201 15.80841302  3665
SHIYAN-33
1 68405U 26064A   26106.91071380  .00003271  00000+0  14035-3 0  9993
2 68405  97.4645 182.7493 0014897 156.5870 203.6049 15.23344046  3161
LPNTSAT-001 (IOD-1)
1 68408U 26065A   26106.92150496  .00001686  00000+0  85177-4 0  9998
2 68408  97.4102 348.7100 0016052 212.9314 147.0921 15.18331374  2967
LPNTSAT-002 (IOD-2)
1 68409U 26065B   26106.92096067  .00003677  00000+0  18149-3 0  9998
2 68409  97.4092 348.7082 0013199 207.2279 152.8265 15.18443742  2947
XINZHENGCHENG-01
1 68412U 26066A   26106.91474786  .00000336  00000+0  32775-4 0  9991
2 68412  84.9626 266.7263 0027570 105.8231 254.6036 14.88352037  2617
2026-066C
1 68414U 26066C   26106.91329872  .00000715  00000+0  73204-4 0  9991
2 68414  84.9625 266.7249 0028165 106.6179 253.8141 14.88513928  2619
2026-066D
1 68415U 26066D   26106.91411676  .00001136  00000+0  11849-3 0  9990
2 68415  84.9625 266.7256 0027570 106.3694 254.0564 14.88430996  2611
TRANSPORTER-16 OBJECT A
1 68416U 26067A   26106.83110658  .00004832  00000+0  23633-3 0  9999
2 68416  97.4501  66.2346 0004009 109.4945 250.6723 15.18674017  2631
TRANSPORTER-16 OBJECT B
1 68417U 26067B   26106.83177059  .00004588  00000+0  22497-3 0  9993
2 68417  97.4522  66.2377 0003847 111.5846 248.5798 15.18610110  2634
TRANSPORTER-16 OBJECT C
1 68418U 26067C   26106.83255391  .00003242  00000+0  16041-3 0  9994
2 68418  97.4541  66.2410 0003736 123.4253 236.7339 15.18514440  2634
TRANSPORTER-16 OBJECT D
1 68419U 26067D   26106.83241427  .00001907  00000+0  95648-4 0  9997
2 68419  97.4498  66.2322 0003406 102.9838 257.1777 15.18525696  2631
TRANSPORTER-16 OBJECT E
1 68420U 26067E   26106.83217994  .00006429  00000+0  31378-3 0  9994
2 68420  97.4442  66.2220 0003669  93.3123 266.8531 15.18621293  2635
TRANSPORTER-16 OBJECT F
1 68421U 26067F   26106.83438414  .00002932  00000+0  14607-3 0  9998
2 68421  97.4472  66.2246 0002947  94.9467 265.2103 15.18343569  2638
TRANSPORTER-16 OBJECT G
1 68422U 26067G   26106.83475504  .00002822  00000+0  14084-3 0  9997
2 68422  97.4437  66.2166 0002915  91.4717 268.6851 15.18313195  2635
TRANSPORTER-16 OBJECT H
1 68423U 26067H   26106.83538221  .00003411  00000+0  16980-3 0  9996
2 68423  97.4460  66.2204 0002547 101.2252 258.9269 15.18265832  2639
TRANSPORTER-16 OBJECT J
1 68424U 26067J   26106.84139729  .00003916  00000+0  19729-3 0  9992
2 68424  97.4479  66.2160 0000347 171.7467 188.3772 15.17749817  2631
TRANSPORTER-16 OBJECT K
1 68425U 26067K   26106.83635307  .00003358  00000+0  16761-3 0  9998
2 68425  97.4544  66.2367 0002387 131.5727 228.5712 15.18182792  2638
TRANSPORTER-16 OBJECT L
1 68426U 26067L   26106.83490073  .00007434  00000+0  36453-3 0  9997
2 68426  97.4504  66.2306 0002469 135.7217 224.4215 15.18408062  2633
TRANSPORTER-16 OBJECT M
1 68427U 26067M   26106.83552978  .00006073  00000+0  29923-3 0  9993
2 68427  97.4505  66.2301 0002337 134.9783 225.1641 15.18316917  2631
TRANSPORTER-16 OBJECT N
1 68428U 26067N   26106.83786228  .00002762  00000+0  13900-3 0  9990
2 68428  97.4527  66.2317 0001811 143.7493 216.3864 15.18037757  2636
TRANSPORTER-16 OBJECT P
1 68429U 26067P   26106.83875081  .00007544  00000+0  37342-3 0  9996
2 68429  97.4472  66.2165 0001272 186.8969 173.2247 15.18073013  2635
TRANSPORTER-16 OBJECT Q
1 68430U 26067Q   26106.83627939  .00004688  00000+0  23232-3 0  9994
2 68430  97.4460  66.2193 0001988 105.6798 254.4655 15.18231862  2631
TRANSPORTER-16 OBJECT R
1 68431U 26067R   26106.83709926  .00005636  00000+0  27914-3 0  9997
2 68431  97.4559  66.2394 0002261 153.8356 206.2993 15.18165231  2630
TRANSPORTER-16 OBJECT S
1 68432U 26067S   26106.90546092  .00003866  00000+0  19391-3 0  9992
2 68432  97.4514  66.2928 0001306 179.6320 180.4915 15.17914986  2647
TRANSPORTER-16 OBJECT T
1 68433U 26067T   26106.85199270  .00003148  00000+0  16357-3 0  9991
2 68433  97.4530  66.2135 0003870 279.0068  81.0727 15.16810604  2635
TRANSPORTER-16 OBJECT U
1 68434U 26067U   26106.83637566  .00002799  00000+0  14030-3 0  9992
2 68434  97.4537  66.2355 0002368 134.5667 225.5760 15.18166632  2637
TRANSPORTER-16 OBJECT V
1 68435U 26067V   26106.84246491  .00002097  00000+0  10763-3 0  9997
2 68435  97.4506  66.2221 0000768 240.4927 119.6231 15.17617253  2639
TRANSPORTER-16 OBJECT W
1 68436U 26067W   26106.84362690  .00002573  00000+0  13245-3 0  9995
2 68436  97.4503  66.2199 0000691 234.5210 125.5959 15.17303223  2637
TRANSPORTER-16 OBJECT X
1 68437U 26067X   26106.11492131  .00002533  00000+0  12800-3 0  9992
2 68437  97.4461  65.4999 0000552 200.3525 159.7687 15.17975285  2524
TRANSPORTER-16 OBJECT Y
1 68438U 26067Y   26106.84015114  .00011033  00000+0  54502-3 0  9995
2 68438  97.4481  66.2183 0000965 231.5466 128.5682 15.18033631  2631
TRANSPORTER-16 OBJECT Z
1 68439U 26067Z   26106.84210624  .00009347  00000+0  46501-3 0  9994
2 68439  97.4477  66.2146 0000375 299.4013  60.7183 15.17829027  2636
TRANSPORTER-16 OBJECT AA
1 68440U 26067AA  26106.11640207  .00011045  00000+0  54745-3 0  9997
2 68440  97.4471  65.5013 0000288 316.9202  43.2010 15.17913743  2527
TRANSPORTER-16 OBJECT AB
1 68441U 26067AB  26106.44880538  .00002723  00000+0  13823-3 0  9992
2 68441  97.4473  65.8220 0001190 327.9460  32.1701 15.17746317  2574
TRANSPORTER-16 OBJECT AC
1 68442U 26067AC  26106.84858534  .00003646  00000+0  18726-3 0  9990
2 68442  97.4497  66.2111 0002543 292.2096  67.8867 15.17119617  2639
TRANSPORTER-16 OBJECT AD
1 68443U 26067AD  26106.84924239  .00003221  00000+0  16613-3 0  9999
2 68443  97.4506  66.2123 0002825 295.8832  64.2110 15.17052526  2631
TRANSPORTER-16 OBJECT AE
1 68444U 26067AE  26106.83679084  .00004014  00000+0  19984-3 0  9999
2 68444  97.4529  66.2335 0002068 138.3700 221.7691 15.18157928  2633
TRANSPORTER-16 OBJECT AF
1 68445U 26067AF  26106.85089005  .00002676  00000+0  13923-3 0  9999
2 68445  97.4477  66.2032 0003372 303.5676  56.5235 15.16896056  2635
TRANSPORTER-16 OBJECT AG
1 68446U 26067AG  26104.14754476  .00010917  00000+0  55598-3 0  9992
2 68446  97.4363  63.5285 0005085 311.4083  48.6713 15.16956596  2216
TRANSPORTER-16 OBJECT AH
1 68447U 26067AH  26106.83806268  .00004994  00000+0  24839-3 0  9990
2 68447  97.4481  66.2214 0001426 126.9959 233.1406 15.18070358  2637
TRANSPORTER-16 OBJECT AJ
1 68448U 26067AJ  26106.84502902  .00002214  00000+0  11291-3 0  9991
2 68448  97.4480  66.2114 0001527 315.6408  44.4703 15.17778116  2633
TRANSPORTER-16 OBJECT AK
1 68449U 26067AK  26106.84748917  .00004582  00000+0  23365-3 0  9995
2 68449  97.4472  66.2069 0002157 306.1128  53.9905 15.17240399  2634
TRANSPORTER-16 OBJECT AL
1 68450U 26067AL  26106.83927324  .00004973  00000+0  24814-3 0  9991
2 68450  97.4507  66.2262 0001174 154.7014 205.4277 15.17962847  2634
TRANSPORTER-16 OBJECT AM
1 68451U 26067AM  26106.83858910  .00005015  00000+0  24980-3 0  9998
2 68451  97.4466  66.2170 0001227 124.7623 235.3727 15.18023940  2634
TRANSPORTER-16 OBJECT AN
1 68452U 26067AN  26106.84687237  .00004539  00000+0  23112-3 0  9998
2 68452  97.4508  66.2164 0002013 291.4622  68.6397 15.17293480  2637
TRANSPORTER-16 OBJECT AP
1 68453U 26067AP  26106.33336806  .00056006  00000+0  27448-2 0  9997
2 68453  97.4505  65.7276 0001264 177.9264 298.2016 15.17926082  3855
TRANSPORTER-16 OBJECT AQ
1 68454U 26067AQ  26106.85014212  .00004141  00000+0  21291-3 0  9993
2 68454  97.4532  66.2175 0003340 282.4999  77.5861 15.17005049  2636
TRANSPORTER-16 OBJECT AR
1 68455U 26067AR  26106.85166079  .00003062  00000+0  15908-3 0  9992
2 68455  97.4534  66.2150 0003808 280.9804  79.1000 15.16837975  2632
TRANSPORTER-16 OBJECT AS
1 68456U 26067AS  26106.85153525  .00003592  00000+0  18587-3 0  9999
2 68456  97.4508  66.2095 0003761 281.9417  78.1395 15.16863578  2635
TRANSPORTER-16 OBJECT AT
1 68457U 26067AT  26106.63800762  .00006261  00000+0  30844-3 0  9994
2 68457  97.4503  66.0349 0002210 136.4663 223.6746 15.18309911  2608
TRANSPORTER-16 OBJECT AU
1 68458U 26067AU  26106.85184627  .00004912  00000+0  25286-3 0  9999
2 68458  97.4435  66.1942 0004021 296.3068  63.7752 15.16867909  2637
TRANSPORTER-16 OBJECT AV
1 68459U 26067AV  26106.85255821  .00003750  00000+0  19437-3 0  9995
2 68459  97.4490  66.2040 0004134 282.9167  77.1604 15.16778931  2636
TRANSPORTER-16 OBJECT AW
1 68460U 26067AW  26106.85234525  .00004513  00000+0  23296-3 0  9991
2 68460  97.4457  66.1982 0004148 288.9785  71.0999 15.16817123  2639
TRANSPORTER-16 OBJECT AX
1 68461U 26067AX  26106.45096901  .00004244  00000+0  21624-3 0  9996
2 68461  97.4509  65.8285 0001931 297.3416  62.7620 15.17309845  2571
TRANSPORTER-16 OBJECT AY
1 68462U 26067AY  26106.64250859  .00004758  00000+0  23819-3 0  9990
2 68462  97.4512  66.0322 0001103 186.8654 173.2565 15.17872258  2601
TRANSPORTER-16 OBJECT AZ
1 68463U 26067AZ  26106.84654520  .00002508  00000+0  12919-3 0  9996
2 68463  97.4494  66.2137 0001686 301.6085  58.4984 15.17306343  2637
TRANSPORTER-16 OBJECT BA
1 68464U 26067BA  26106.84664872  .00003070  00000+0  15750-3 0  9999
2 68464  97.4476  66.2084 0001709 318.2293  41.8810 15.17275219  2631
TRANSPORTER-16 OBJECT BB
1 68465U 26067BB  26106.84679941  .00002114  00000+0  10959-3 0  9997
2 68465  97.4482  66.2098 0001734 314.1622  45.9468 15.17242599  2632
TRANSPORTER-16 OBJECT BC
1 68466U 26067BC  26106.39116703  .00003743  00000+0  19416-3 0  9996
2 68466  97.4440  65.7396 0004411 307.9361  52.1473 15.16749784  2416
TRANSPORTER-16 OBJECT BD
1 68467U 26067BD  26106.85068611  .00009942  00000+0  50457-3 0  9999
2 68467  97.4374  66.1846 0004289 300.5847  59.4963 15.17105572  2639
TRANSPORTER-16 OBJECT BE
1 68468U 26067BE  26106.85388171  .00005408  00000+0  27934-3 0  9993
2 68468  97.4517  66.2080 0004727 272.4045  87.6647 15.16702498  2635
TRANSPORTER-16 OBJECT BF
1 68469U 26067BF  26106.84617533  .00002109  00000+0  10921-3 0  9993
2 68469  97.4498  66.2152 0001640 300.1404  59.9667 15.17294791  2630
TRANSPORTER-16 OBJECT BG
1 68470U 26067BG  26106.85431688  .00004653  00000+0  24111-3 0  9993
2 68470  97.4435  66.1917 0005019 288.3069  71.7617 15.16659453  2635
TRANSPORTER-16 OBJECT BH
1 68471U 26067BH  26106.81585179  .00002232  00000+0  23149-3 0  9996
2 68471  97.7538  66.0148 0002078 247.7913 112.3085 14.90969584  2582
TRANSPORTER-16 OBJECT BJ
1 68472U 26067BJ  26106.81698036  .00001369  00000+0  14462-3 0  9992
2 68472  97.7585  66.0203 0002970 229.7644 130.3314 14.90853631  2589
TRANSPORTER-16 OBJECT BK
1 68473U 26067BK  26097.33335648  .00091047  00000+0  45462-2 0  9991
2 68473  97.4464  56.8557 0003027 348.9648 278.0336 15.17085369  2482
TRANSPORTER-16 OBJECT BL
1 68474U 26067BL  26106.80045040  .00001645  00000+0  16656-3 0  9998
2 68474  97.7506  66.0305 0003899  87.7378 272.4288 14.92293429  2576
TRANSPORTER-16 OBJECT BM
1 68475U 26067BM  26106.81573042  .00004894  00000+0  49988-3 0  9991
2 68475  97.7482  66.0077 0001917 267.2859  92.8140 14.91049315  2050
TRANSPORTER-16 OBJECT BN
1 68476U 26067BN  26106.86777162  .00001904  00000+0  19197-3 0  9994
2 68476  97.7521  66.0978 0003915  98.7241 261.4422 14.92283062  2582
TRANSPORTER-16 OBJECT BP
1 68477U 26067BP  26106.81562773  .00003877  00000+0  39736-3 0  9992
2 68477  97.7488  66.0082 0002330 263.4664  96.6289 14.91037678  1982
TRANSPORTER-16 OBJECT BQ
1 68478U 26067BQ  26106.93730412  .00000192  00000+0  24407-4 0  9990
2 68478  97.7554  66.1658 0003301 108.8651 251.2926 14.92024607  2598
TRANSPORTER-16 OBJECT BR
1 68479U 26067BR  26106.86993331  .00001969  00000+0  19930-3 0  9991
2 68479  97.7508  66.0929 0003098  94.2069 265.9504 14.92094035  2587
TRANSPORTER-16 OBJECT BS
1 68480U 26067BS  26106.79758449  .00001767  00000+0  17737-3 0  9993
2 68480  97.7585  66.0456 0005402 106.1252 254.0562 14.92545948  2573
TRANSPORTER-16 OBJECT BT
1 68481U 26067BT  26106.87109247  .00000985  00000+0  10277-3 0  9992
2 68481  97.7624  66.1092 0003684 133.5412 226.6114 14.91969194  2588
TRANSPORTER-16 OBJECT BU
1 68482U 26067BU  26106.86463501  .00001675  00000+0  16847-3 0  9994
2 68482  97.7531  66.1040 0005098  92.3113 267.8690 14.92544318  2584
TRANSPORTER-16 OBJECT BV
1 68483U 26067BV  26106.93456728  .00000726  00000+0  76584-4 0  9997
2 68483  97.7604  66.1767 0004571 116.2135 243.9554 14.92289068  2590
TRANSPORTER-16 OBJECT BW
1 68484U 26067BW  26106.87278671  .00000791  00000+0  83953-4 0  9990
2 68484  97.7576  66.1002 0002576 127.5620 232.5833 14.91819282  2587
TRANSPORTER-16 OBJECT BX
1 68485U 26067BX  26106.87186893  .00003876  00000+0  38806-3 0  9998
2 68485  97.7540  66.0952 0002475 118.0992 242.0477 14.91974820  2587
TRANSPORTER-16 OBJECT BY
1 68486U 26067BY  26106.87336533  .00000764  00000+0  81340-4 0  9992
2 68486  97.7538  66.0927 0002077 115.7121 244.4312 14.91771682  2588
TRANSPORTER-16 OBJECT BZ
1 68487U 26067BZ  26106.86854700  .00002198  00000+0  22117-3 0  9992
2 68487  97.7500  66.0941 0003424  89.2168 270.9443 14.92216656  2582
TRANSPORTER-16 OBJECT CA
1 68488U 26067CA  26106.80961806  .00000839  00000+0  89378-4 0  9996
2 68488  97.7536  66.0217 0000887 125.2411 234.8891 14.91480436  2573
TRANSPORTER-16 OBJECT CB
1 68489U 26067CB  26106.81222133  .00001477  00000+0  15394-3 0  9996
2 68489  97.7495  66.0122 0000429 293.6135  66.5038 14.91268571  2575
TRANSPORTER-16 OBJECT CC
1 68490U 26067CC  26106.81126390  .00001070  00000+0  11286-3 0  9991
2 68490  97.7570  66.0257 0001395 183.3169 176.8041 14.91345757  2576
TRANSPORTER-16 OBJECT CD
1 68491U 26067CD  26106.81415630  .00002559  00000+0  26363-3 0  9995
2 68491  97.7520  66.0145 0001449 248.5511 111.5553 14.91121091  2570
TRANSPORTER-16 OBJECT CE
1 68492U 26067CE  26106.81490609  .00003231  00000+0  33178-3 0  9995
2 68492  97.7524  66.0138 0001701 250.9795 109.1239 14.91068859  2575
TRANSPORTER-16 OBJECT CF
1 68493U 26067CF  26106.81404386  .00002029  00000+0  21016-3 0  9995
2 68493  97.7613  66.0285 0002661 208.1796 151.9279 14.91125635  2575
TRANSPORTER-16 OBJECT CG
1 68494U 26067CG  26106.81090144  .00001330  00000+0  13886-3 0  9999
2 68494  97.7568  66.0260 0001288 177.6487 182.4738 14.91378168  2579
TRANSPORTER-16 OBJECT CH
1 68495U 26067CH  26106.82249512  .00000480  00000+0  56690-4 0  9992
2 68495  97.7566  66.0092 0002130 183.0818 177.0387 14.89057349  2579
TRANSPORTER-16 OBJECT CJ
1 68496U 26067CJ  26106.87165311  .00000968  00000+0  10117-3 0  9996
2 68496  97.7565  66.0997 0002875 119.2571 240.8935 14.91925887  2589
TRANSPORTER-16 OBJECT CK
1 68497U 26067CK  26106.93899013  .00001330  00000+0  13702-3 0  9994
2 68497  97.7548  66.1624 0002667 113.7611 246.3888 14.91906562  2590
TRANSPORTER-16 OBJECT CL
1 68498U 26067CL  26106.61149036  .00001524  00000+0  15889-3 0  9996
2 68498  97.7504  65.8159 0000777 269.5113  90.6016 14.91222747  2543
TRANSPORTER-16 OBJECT CM
1 68499U 26067CM  26106.81071080  .00000956  00000+0  10138-3 0  9992
2 68499  97.7540  66.0214 0000593 146.0603 214.0653 14.91382375  2574
TRANSPORTER-16 OBJECT CN
1 68500U 26067CN  26106.60913194  .00001325  00000+0  13820-3 0  9995
2 68500  97.7575  65.8299 0001300 169.9464 190.1781 14.91423088  2541
TRANSPORTER-16 OBJECT CP
1 68501U 26067CP  26106.61167714  .00001765  00000+0  18312-3 0  9995
2 68501  97.7587  65.8279 0002138 207.4036 152.7070 14.91230243  2540
TRANSPORTER-16 OBJECT CQ
1 68502U 26067CQ  26106.60835921  .00001298  00000+0  13528-3 0  9992
2 68502  97.7581  65.8320 0001505 161.4934 198.6340 14.91491278  2541
TRANSPORTER-16 OBJECT CR
1 68503U 26067CR  26106.61691999  .00001161  00000+0  12381-3 0  9994
2 68503  97.7527  65.8128 0002892 254.8379 105.2520 14.90733954  2541
TRANSPORTER-16 OBJECT CS
1 68504U 26067CS  26106.80666371  .00001346  00000+0  13911-3 0  9997
2 68504  97.7581  66.0339 0002326 136.1154 224.0250 14.91748637  2572
TRANSPORTER-16 OBJECT CT
1 68505U 26067CT  26106.34990697  .00002559  00000+0  26686-3 0  9998
2 68505  97.7566  65.5517 0003776 244.5929 115.4899 14.90633536  2507
STARLINK-37262
1 68508U 26068A   26106.91559326  .00100510  00000+0  50620-3 0  9996
2 68508  53.1580 317.7582 0000748  89.5549 270.5559 15.80901367  2716
STARLINK-36292
1 68509U 26068B   26106.85162270  .00205201  00000+0  10152-2 0  9996
2 68509  53.1577 318.0706 0000663  46.3486 313.7592 15.80946486  2709
STARLINK-37260
1 68510U 26068C   26106.91409204  .00127156  00000+0  63677-3 0  9999
2 68510  53.1580 317.7487 0000620 100.4126 259.6967 15.80925976  2719
STARLINK-37280
1 68511U 26068D   26106.91334453  .00206193  00000+0  10211-2 0  9997
2 68511  53.1579 317.7427 0000640  84.1605 275.9491 15.80923482  2717
STARLINK-37286
1 68512U 26068E   26106.91259208  .00132879  00000+0  66504-3 0  9998
2 68512  53.1584 317.7388 0000630  73.4518 286.6574 15.80919085  2718
STARLINK-36250
1 68513U 26068F   26106.91184286  .00145958  00000+0  72897-3 0  9996
2 68513  53.1579 317.7335 0000764  78.8029 281.3079 15.80921351  2710
STARLINK-37251
1 68514U 26068G   26106.91109385  .00157715  00000+0  78644-3 0  9994
2 68514  53.1583 317.7280 0001098  69.2239 290.8902 15.80918559  2719
STARLINK-36293
1 68515U 26068H   26106.91034367  .00113621  00000+0  57086-3 0  9997
2 68515  53.1582 317.7231 0000968  74.8111 285.3019 15.80903376  2710
STARLINK-36290
1 68516U 26068J   26106.90959855  .00195756  00000+0  96868-3 0  9995
2 68516  53.1582 317.7180 0000888  99.9949 260.1174 15.80970021  2716
STARLINK-36298
1 68517U 26068K   26106.90884192  .00208083  00000+0  10293-2 0  9992
2 68517  53.1582 317.7132 0001107  26.3117 333.7962 15.80941177  2712
STARLINK-36857
1 68518U 26068L   26106.90734290  .00189540  00000+0  94085-3 0  9994
2 68518  53.1580 317.7024 0000662  74.0120 286.0976 15.80920410  2712
STARLINK-36326
1 68519U 26068M   26106.90809156  .00111017  00000+0  55794-3 0  9997
2 68519  53.1583 317.7082 0000765  82.1171 277.9939 15.80906293  2711
STARLINK-37126
1 68520U 26068N   26106.90659288  .00184252  00000+0  91539-3 0  9996
2 68520  53.1579 317.6975 0000392  74.3623 285.7443 15.80917114  2710
STARLINK-36347
1 68521U 26068P   26106.90584186  .00177969  00000+0  88466-3 0  9993
2 68521  53.1585 317.6929 0000513  81.0190 279.0891 15.80924067  2714
STARLINK-36322
1 68522U 26068Q   26106.90509251  .00191341  00000+0  94936-3 0  9993
2 68522  53.1580 317.6878 0000586  63.9348 296.1735 15.80924914  2715
STARLINK-37208
1 68523U 26068R   26106.90434020  .00213381  00000+0  10548-2 0  9990
2 68523  53.1585 317.6825 0000511  78.7909 281.3171 15.80941363  2715
STARLINK-36302
1 68524U 26068S   26106.90359183  .00189366  00000+0  93949-3 0  9999
2 68524  53.1587 317.6775 0000859  62.9573 297.1538 15.80932376  2715
STARLINK-36311
1 68525U 26068T   26106.90208971  .00238308  00000+0  11739-2 0  9995
2 68525  53.1590 317.6661 0000401  77.9584 282.1484 15.80946391  2711
STARLINK-37178
1 68526U 26068U   26106.90284216  .00227046  00000+0  11207-2 0  9999
2 68526  53.1580 317.6724 0000540  45.5384 314.5683 15.80933871  2714
STARLINK-37248
1 68527U 26068V   26106.90134181  .00121137  00000+0  60789-3 0  9999
2 68527  53.1587 317.6623 0000695  63.3969 296.7125 15.80902029  2711
STARLINK-37241
1 68528U 26068W   26106.96308102  .00244766  00000+0  12054-2 0  9997
2 68528  53.1581 317.3351 0000511 100.3101 259.7979 15.80933494  2725
STARLINK-37244
1 68529U 26068X   26106.96381126  .00221813  00000+0  10959-2 0  9995
2 68529  53.1584 317.3401 0000430  87.8139 272.2933 15.80927464  2725
STARLINK-36285
1 68530U 26068Y   26106.96230906  .00143417  00000+0  71666-3 0  9992
2 68530  53.1586 317.3302 0000575  72.2437 287.8648 15.80918006  2725
STARLINK-36294
1 68531U 26068Z   26106.96155924  .00198020  00000+0  98093-3 0  9992
2 68531  53.1583 317.3250 0000876  82.1479 277.9643 15.80940120  2722
STARLINK-36249
1 68532U 26068AA  26106.96005891  .00129987  00000+0  65114-3 0  9994
2 68532  53.1587 317.3145 0000723  80.2984 279.8121 15.80909834  2720
STARLINK-36252
1 68533U 26068AB  26106.96080730  .00115343  00000+0  57908-3 0  9993
2 68533  53.1581 317.3196 0000328  88.8100 271.2961 15.80912665  2720
STARLINK-36299
1 68534U 26068AC  26106.95930895  .00234681  00000+0  11564-2 0  9993
2 68534  53.1585 317.3090 0000692  82.3739 277.7362 15.80950197  2727
STARLINK-37234
1 68535U 26068AD  26106.95780760  .00126616  00000+0  63455-3 0  9993
2 68535  53.1582 317.2985 0000489  79.4933 280.6145 15.80911361  2726
STARLINK-37173
1 68536U 26068AE  26106.95856047  .00280503  00000+0  13742-2 0  9995
2 68536  53.1581 317.3044 0000367  78.1702 281.9362 15.80947830  2723
SL-4 R/B
1 68537U 26061S   26106.91072769  .00193301  13421-4  43311-3 0  9997
2 68537  82.3027  81.1889 0016700 334.8101  25.2358 15.97426525  3859
SWC-1
1 68540U 26069C   26107.51011483 -.00000351  00000+0  00000+0 0  9993
2 68540  28.3533 357.7706 8357664  80.9928 279.0715  1.01840683   168
STARLINK-37326
1 68542U 26070A   26106.91668981 -.01175290  00000+0 -62138-2 0  9991
2 68542  53.1587 192.8119 0001016  73.7169 133.9847 15.82410287  3521
STARLINK-36308
1 68543U 26070B   26106.91668981 -.01173255  00000+0 -61772-2 0  9994
2 68543  53.1585 192.8024 0001080  75.2597 136.5344 15.82493559  3476
STARLINK-37263
1 68544U 26070C   26106.91668981 -.01242426  00000+0 -65227-2 0  9991
2 68544  53.1585 192.7860 0000857  78.8098 141.1142 15.82707076  3526
STARLINK-37289
1 68545U 26070D   26106.91668981 -.01194124  00000+0 -62568-2 0  9998
2 68545  53.1586 192.7941 0001104  76.5164 139.2347 15.82640152  3529
STARLINK-37290
1 68546U 26070E   26106.91668981 -.01263983  00000+0 -66361-2 0  9994
2 68546  53.1586 192.7771 0000920  68.7612 155.3612 15.82753039  3520
STARLINK-37245
1 68547U 26070F   26106.91668981 -.01299745  00000+0 -68092-2 0  9993
2 68547  53.1586 192.7601 0001027  76.5552 155.8725 15.82876256  3529
STARLINK-37145
1 68548U 26070G   26106.91668981 -.01273177  00000+0 -66622-2 0  9992
2 68548  53.1586 192.7691 0000906  75.8109 152.3762 15.82843563  3522
STARLINK-36204
1 68549U 26070H   26106.91668981 -.01319885  00000+0 -69135-2 0  9992
2 68549  53.1587 192.7515 0000933  72.7614 163.8487 15.82926084  3471
STARLINK-36304
1 68550U 26070J   26106.91668981 -.01353107  00000+0 -70892-2 0  9991
2 68550  53.1588 192.7337 0000867  76.4480 168.5863 15.82996321  3475
STARLINK-37288
1 68551U 26070K   26106.91668981 -.01353541  00000+0 -70687-2 0  9996
2 68551  53.1588 192.7251 0000744  72.6049 176.5167 15.83066118  3529
STARLINK-37295
1 68552U 26070L   26106.91668981 -.01340942  00000+0 -70353-2 0  9998
2 68552  53.1585 192.7423 0001048  77.8217 163.0694 15.82937499  3524
STARLINK-37254
1 68553U 26070M   26106.91668981 -.01369164  00000+0 -71641-2 0  9997
2 68553  53.1586 192.7072 0000845  80.7294 176.9910 15.83059762  3521
STARLINK-37255
1 68554U 26070N   26106.91668981 -.01370880  00000+0 -71514-2 0  9994
2 68554  53.1585 192.6989 0001111  77.1702 184.6500 15.83123937  3525
STARLINK-37146
1 68555U 26070P   26106.91668981 -.01365539  00000+0 -71445-2 0  9993
2 68555  53.1588 192.7161 0001090  75.3619 178.0975 15.83050670  3521
STARLINK-37144
1 68556U 26070Q   26106.91668981 -.01414814  00000+0 -72426-2 0  9995
2 68556  53.1586 192.6812 0000934  76.2859 194.0509 15.83149304  3528
STARLINK-37210
1 68557U 26070R   26106.91668981 -.01408237  00000+0 -72174-2 0  9998
2 68557  53.1586 192.6904 0001094  79.8949 186.2578 15.83111041  3524
STARLINK-37227
1 68558U 26070S   26106.91668981 -.01413162  00000+0 -72232-2 0  9997
2 68558  53.1586 192.6723 0001043  74.8658 199.6650 15.83176968  3528
STARLINK-37294
1 68559U 26070T   26106.91668981 -.01418414  00000+0 -72530-2 0  9994
2 68559  53.1587 192.6636 0000715  73.6395 205.1679 15.83181445  3523
STARLINK-37291
1 68560U 26070U   26106.91668981 -.01423474  00000+0 -72664-2 0  9996
2 68560  53.1586 192.6550 0000710  94.0987 188.8677 15.83226574  3526
STARLINK-37114
1 68561U 26070V   26106.91668981 -.01425203  00000+0 -72547-2 0  9999
2 68561  53.1588 192.6468 0000769  77.0148 210.0540 15.83288414  3529
STARLINK-37233
1 68562U 26070W   26106.91668981 -.01430623  00000+0 -72596-2 0  9996
2 68562  53.1586 192.6294 0000662  74.7700 220.6368 15.83364774  3524
STARLINK-36238
1 68563U 26070X   26106.91668981 -.01428610  00000+0 -72583-2 0  9996
2 68563  53.1587 192.6381 0000636  77.1481 214.0644 15.83335698  3478
STARLINK-37008
1 68564U 26070Y   26106.91668981 -.01435750  00000+0 -72809-2 0  9991
2 68564  53.1586 192.6208 0000751  76.6797 222.9500 15.83386840  3528
STARLINK-37161
1 68565U 26070Z   26106.91668981 -.01441158  00000+0 -72997-2 0  9999
2 68565  53.1587 192.6117 0000711  74.3277 229.4846 15.83421957  3527
STARLINK-37212
1 68566U 26070AA  26106.91668981 -.01441336  00000+0 -72620-2 0  9991
2 68566  53.1587 192.6035 0000670  76.6730 231.0688 15.83533384  3521
STARLINK-37261
1 68567U 26070AB  26106.91668981 -.01446367  00000+0 -72934-2 0  9999
2 68567  53.1586 192.5947 0000695  83.0347 229.0243 15.83525082  3525
STARLINK-37283
1 68568U 26070AC  26106.91668981  .00021911  00000+0  11432-3 0  9998
2 68568  53.1593 193.0058 0000986  89.7323  23.7682 15.80862294  3525
STARLINK-37256
1 68569U 26070AD  26106.91668981 -.00046417  00000+0 -23266-3 0  9997
2 68569  53.1595 193.0146 0001203  90.3014  18.9253 15.80893951  3528
STARLINK-37228
1 68570U 26070AE  26106.91668981  .00019666  00000+0  10302-3 0  9990
2 68570  53.1594 192.9969 0001106  63.7341  54.0476 15.80856514  3521
MERIDIAN-M 21L
1 68571U 26071A   26104.39797982  .00000489  00000+0  80352-2 0  9990
2 68571  62.7790 237.3403 7234646 284.9939  10.8160  1.98596107   235
FREGAT R/B
1 68572U 26071B   26093.32132148 -.00001541  00000+0  35052-3 0  9997
2 68572  63.0589 237.9448 7313819 284.9724  10.3188  2.01041412    13
KUIPER-00131
1 68573U 26072A   26106.98107264  .00008891  00000+0  25079-3 0  9999
2 68573  51.8684 112.9555 0006715 146.5559 213.5852 15.37162643  1965
KUIPER-00189
1 68574U 26072B   26106.91668981  .00052057  00000+0  19324-2 0  9999
2 68574  51.8802 113.3676 0000988  82.2857 213.5241 15.27066543  2458
KUIPER-00192
1 68575U 26072C   26106.91222275  .00009369  00000+0  25981-3 0  9997
2 68575  51.8736 113.2436 0005055 136.5522 223.5864 15.37630897  1956
KUIPER-00193
1 68576U 26072D   26106.91089044  .00009780  00000+0  27043-3 0  9991
2 68576  51.8738 113.2344 0003349 123.3227 236.8081 15.37669671  1957
KUIPER-00194
1 68577U 26072E   26106.90775925  .00010082  00000+0  27463-3 0  9994
2 68577  51.8750 113.2108 0002886 119.4126 240.7149 15.38099038  1953
KUIPER-00229
1 68578U 26072F   26106.91751538  .00008502  00000+0  24206-3 0  9996
2 68578  51.8696 113.2792 0007553 142.5941 217.5573 15.36927512  1958
KUIPER-00230
1 68579U 26072G   26106.90454295  .00010111  00000+0  27285-3 0  9995
2 68579  51.8751 113.1873 0001640  98.4693 261.6480 15.38388491  1950
KUIPER-00231
1 68580U 26072H   26106.90864583  .00009952  00000+0  27221-3 0  9993
2 68580  51.8733 113.2211 0002749 121.7755 238.3501 15.37988336  1957
KUIPER-00234
1 68581U 26072J   26106.90579867  .00014744  00000+0  39251-3 0  9993
2 68581  51.8743 113.2010 0002309 108.1713 251.9525 15.38421358  1955
KUIPER-00236
1 68582U 26072K   26106.90629841  .00009838  00000+0  26638-3 0  9995
2 68582  51.8745 113.2029 0002707 112.6044 247.5230 15.38316468  1956
KUIPER-00244
1 68583U 26072L   26106.90967056  .00009656  00000+0  26489-3 0  9991
2 68583  51.8744 113.2255 0003978 135.4204 224.7104 15.37932378  1959
KUIPER-00253
1 68584U 26072M   26106.91314448  .00009184  00000+0  25589-3 0  9990
2 68584  51.8703 113.2513 0005591 143.7787 216.3580 15.37507791  1955
KUIPER-00254
1 68585U 26072N   26106.98293058  .00012218  00000+0  34314-3 0  9999
2 68585  51.8709 112.9676 0007610 149.5067 210.6363 15.36914845  1965
KUIPER-00263
1 68586U 26072P   26106.90468275  .00010278  00000+0  27632-3 0  9996
2 68586  51.8750 113.1901 0002103  80.7360 279.3865 15.38486432  1956
KUIPER-00269
1 68587U 26072Q   26106.91154477  .00009093  00000+0  25233-3 0  9992
2 68587  51.8728 113.2399 0004547 126.2319 233.9089 15.37649412  1950
KUIPER-00272
1 68588U 26072R   26106.91380905  .00008986  00000+0  25132-3 0  9998
2 68588  51.8713 113.2551 0005818 140.8718 219.2690 15.37418369  1952
KUIPER-00285
1 68589U 26072S   26106.91463833  .00008923  00000+0  25035-3 0  9994
2 68589  51.8723 113.2603 0006294 147.2308 212.9070 15.37326214  1956
KUIPER-00286
1 68590U 26072T   26106.91111671  .00013282  00000+0  36235-3 0  9994
2 68590  51.8720 113.2378 0004240 129.5891 230.5471 15.37753399  1952
KUIPER-00289
1 68591U 26072U   26106.92550903  .00007826  00000+0  23013-3 0  9998
2 68591  51.8648 113.3285 0010711 163.7326 196.4006 15.36008524  1959
KUIPER-00290
1 68592U 26072V   26106.92493351  .00007745  00000+0  22769-3 0  9999
2 68592  51.8633 113.3237 0010909 161.0372 199.1022 15.36032115  1953
KUIPER-00293
1 68593U 26072W   26106.92777228  .00013025  00000+0  37862-3 0  9996
2 68593  51.8632 113.3415 0011723 165.4463 194.6863 15.35737595  1951
KUIPER-00294
1 68594U 26072X   26106.92316649  .00007707  00000+0  22497-3 0  9991
2 68594  51.8670 113.3147 0009578 160.9170 199.2176 15.36276299  1954
KUIPER-00296
1 68595U 26072Y   26106.98513414  .00008108  00000+0  23323-3 0  9992
2 68595  51.8689 112.9815 0008395 154.5648 205.5753 15.36667293  1968
KUIPER-00297
1 68596U 26072Z   26106.92412607  .00007785  00000+0  22822-3 0  9992
2 68596  51.8620 113.3177 0009817 161.7123 198.4218 15.36121593  1951
KUIPER-00300
1 68597U 26072AA  26106.91850635  .00008127  00000+0  23241-3 0  9996
2 68597  51.8663 113.2847 0007996 154.4123 205.7260 15.36852256  1953
KUIPER-00301
1 68598U 26072AB  26106.92110158  .00008079  00000+0  23347-3 0  9990
2 68598  51.8642 113.3001 0008668 157.6879 202.4486 15.36526279  1951
KUIPER-00304
1 68599U 26072AC  26106.92182764  .00007990  00000+0  23168-3 0  9995
2 68599  51.8656 113.3054 0009318 157.4700 202.6697 15.36434645  1950
KUIPER-00317
1 68600U 26072AD  26106.91937708  .00007851  00000+0  22558-3 0  9991
2 68600  51.8677 113.2907 0008430 149.6987 210.4488 15.36752777  1950
KUIPER-00320
1 68601U 26072AE  26106.92604040  .00007781  00000+0  22933-3 0  9992
2 68601  51.8596 113.3278 0011034 163.8086 196.3254 15.35942966  1958
STP-S29A OBJECT A
1 68627U 26074A   26106.84425219  .00005842  00000+0  25557-3 0  9993
2 68627  60.0196  53.5111 0016451 315.8890  44.0877 15.23231158  1439
STP-S29A OBJECT B
1 68628U 26074B   26106.84358210  .00004541  00000+0  20089-3 0  9990
2 68628  60.0244  53.5190 0014881 318.9176  41.0783 15.23328151  1429
RAWHIDE-1
1 68629U 26074C   26106.57852581  .00006443  00000+0  27603-3 0  9993
2 68629  60.0231  54.5095 0018277 324.2568  35.7288 15.23768309  1398
STP-S29A OBJECT D
1 68630U 26074D   26106.83912520  .00003568  00000+0  15708-3 0  9992
2 68630  60.0232  53.4957 0016361 329.3258  30.6865 15.24044354  1427
STP-S29A OBJECT E
1 68631U 26074E   26106.77343997  .00002876  00000+0  12887-3 0  9998
2 68631  60.0229  53.7450 0016955 329.1401  30.8681 15.24053291  1420
RAWHIDE-2
1 68632U 26074F   26106.83605379  .00006514  00000+0  27247-3 0  9990
2 68632  60.0324  53.4941 0017352 334.3638  25.6581 15.24578887  1425
STP-S29A OBJECT G
1 68633U 26074G   26106.83341099  .00004455  00000+0  18778-3 0  9998
2 68633  60.0230  53.4660 0018059 340.6404  19.3988 15.24989117  1429
STP-S29A OBJECT H
1 68634U 26074H   26106.56896701  .00005596  00000+0  23017-3 0  9993
2 68634  60.0220  54.4600 0018982 343.7574  16.2896 15.25368514  1394
CANVAS
1 68635U 26074J   26106.57723865  .00006805  00000+0  28895-3 0  9998
2 68635  60.0245  54.5075 0018709 327.9883  32.0059 15.23987996  1399
QIANFAN GROUP 7 OBJECT A
1 68636U 26075A   26106.94814167  .00000217  00000+0  93041-4 0  9994
2 68636  88.9911 327.6331 0014251 183.0569 177.0537 14.21196364  1331
QIANFAN GROUP 7 OBJECT B
1 68637U 26075B   26106.87543229  .00000252  00000+0  10811-3 0  9997
2 68637  88.9919 327.6415 0014435 182.8373 177.2739 14.21657863  1328
QIANFAN GROUP 7 OBJECT C
1 68638U 26075C   26106.59223638  .00000068  00000+0  24480-4 0  9999
2 68638  88.9884 327.6762 0016035 181.6188 178.4954 14.21284201  1283
QIANFAN GROUP 7 OBJECT D
1 68639U 26075D   26106.87388951  .00000450  00000+0  20112-3 0  9993
2 68639  88.9911 327.6409 0014381 183.1926 176.9175 14.20963117  1324
QIANFAN GROUP 7 OBJECT E
1 68640U 26075E   26106.94209510  .00000347  00000+0  15038-3 0  9992
2 68640  88.9912 327.6325 0014491 183.2921 176.8178 14.21983920  1330
QIANFAN GROUP 7 OBJECT F
1 68641U 26075F   26105.60386685  .00000175  00000+0  66965-4 0  9999
2 68641  88.9914 327.7859 0014369 189.1345 170.9590 14.26051393  1142
QIANFAN GROUP 7 OBJECT G
1 68642U 26075G   26106.93870087  .00000073  00000+0  25334-4 0  9993
2 68642  88.9915 327.6324 0014987 182.4979 177.6141 14.23786974  1339
QIANFAN GROUP 7 OBJECT H
1 68643U 26075H   26106.93857032 -.00243035  00000+0 -11175+0 0  9991
2 68643  88.9910 327.6351 0014439 185.8560 174.2466 14.22989467  1334
QIANFAN GROUP 7 OBJECT J
1 68644U 26075J   26106.65673187 -.00665190  00000+0 -31162+0 0  9996
2 68644  88.9910 327.6632 0014006 189.2081 170.8857 14.23240498  1299
QIANFAN GROUP 7 OBJECT K
1 68645U 26075K   26104.89922029 -.01877882  00000+0 -84869+0 0  9999
2 68645  88.9911 327.8671 0018679 181.3174 178.7974 14.25853296  1040
QIANFAN GROUP 7 OBJECT L
1 68646U 26075L   26106.37499126  .00000249  00000+0  98202-4 0  9995
2 68646  88.9912 327.6966 0014251 186.1993 173.9026 14.26073151  1254
QIANFAN GROUP 7 OBJECT M
1 68647U 26075M   26106.93612314  .00000174  00000+0  66533-4 0  9993
2 68647  88.9912 327.6317 0014403 184.5299 175.5766 14.26072891  1333
QIANFAN GROUP 7 OBJECT N
1 68648U 26075N   26106.93600497  .00000079  00000+0  26950-4 0  9996
2 68648  88.9912 327.6317 0014052 184.0917 176.0164 14.26052996  1338
QIANFAN GROUP 7 OBJECT P
1 68649U 26075P   26106.93584318  .00000537  00000+0  21843-3 0  9994
2 68649  88.9912 327.6317 0014213 183.8138 176.2949 14.26086811  1336
QIANFAN GROUP 7 OBJECT Q
1 68650U 26075Q   26106.93901363 -.00002703  00000+0 -11932-2 0  9995
2 68650  88.9906 327.6312 0014411 182.8127 177.2987 14.23604807  1301
QIANFAN GROUP 7 OBJECT R
1 68651U 26075R   26106.93578540 -.00000073  00000+0 -36689-4 0  9999
2 68651  88.9911 327.6317 0014727 183.8130 176.2953 14.26077981  1333
QIANFAN GROUP 7 OBJECT S
1 68652U 26075S   26106.93558383 -.00000596  00000+0 -25553-3 0  9990
2 68652  88.9910 327.6311 0014229 185.1809 174.9239 14.26098652  1332
QIANFAN GROUP 7 OBJECT T
1 68653U 26075T   26106.86528294  .00004800  00000+0  19997-2 0  9995
2 68653  88.9920 327.6404 0014545 182.8657 177.2456 14.26121273  1325
CZ-8 R/B
1 68654U 26075U   26106.91827023  .00000114  00000+0  29888-4 0  9990
2 68654  88.9903 327.6079 0073660  89.2062 271.7578 14.40034254  1332
HULIANWANG DIGUI-164
1 68656U 26076A   26106.53763742 -.00000975  00000+0 -94385-3 0  9998
2 68656  86.4942  65.5291 0007614 190.1541 169.9473 13.80797947  1075
HULIANWANG DIGUI-165
1 68657U 26076B   26105.81266765  .00000145  00000+0  12085-3 0  9996
2 68657  86.4958  65.8012 0007110 188.9983 171.1057 13.81265757   974
HULIANWANG DIGUI-166
1 68658U 26076C   26105.81182834 -.00000531  00000+0 -51288-3 0  9990
2 68658  86.4899  65.7912 0006837 183.7491 176.3625 13.81788312   974
HULIANWANG DIGUI-167
1 68659U 26076D   26106.53467807 -.00000055  00000+0 -67130-4 0  9992
2 68659  86.4961  65.5314 0006723 176.8106 183.3106 13.82387345  1075
HULIANWANG DIGUI-168
1 68660U 26076E   26106.75062412 -.00000682  00000+0 -64056-3 0  9990
2 68660  86.4940  65.4459 0006445 175.0396 185.0836 13.82964241  1093
CZ-6A R/B
1 68661U 26076F   26106.95988656  .00000064  00000+0  23891-4 0  9995
2 68661  86.5067  65.2450 0107189  85.7299 275.6123 14.09391429  1154
GUOWANG TEST OBJECT A
1 68687U 26078A   26106.93387380  .00000334  00000+0  36928-3 0  9994
2 68687  86.4975 303.9253 0008063 269.6934  90.3301 13.68812973   731
GUOWANG TEST OBJECT B
1 68688U 26078B   26106.94382806  .00000282  00000+0  86295-4 0  9999
2 68688  86.5863 303.8407 0252149   7.7597 352.7377 14.21573875   767
CYGNUS NG-24
1 68689U 26079A   26106.84451400  .00004242  00000+0  85733-4 0  9993
2 68689  51.6329 243.6903 0006573 315.5681  44.4780 15.48789484   771
GUOWANG TEST OBJECT C
1 68690U 26078C   26106.93129771  .00005079  00000+0  23105-3 0  9990
2 68690  86.6399 303.7697 0444390   8.0108 352.7894 14.61732050   780
JILIN GAOFEN OBJECT A
1 68691U 26080A   26106.93147688  .00000255  00000+0  20549-4 0  9992
2 68691  97.6641 182.5718 0010978 272.3718  87.6253 15.08304498   421
JILIN GAOFEN OBJECT B
1 68692U 26080B   26106.93074301  .00002302  00000+0  14839-3 0  9993
2 68692  97.6620 182.5721 0014020 270.2297  89.7325 15.09268839   426
JILIN GAOFEN OBJECT C
1 68693U 26080C   26105.07434472  .00000506  00000+0  35821-4 0  9996
2 68693  97.6624 180.7182 0013498 278.6118  81.3581 15.09294853   140
JILIN GAOFEN OBJECT D
1 68694U 26080D   26105.07430977  .00001013  00000+0  67430-4 0  9998
2 68694  97.6682 180.7187 0014244 278.7346  81.2269 15.09349528   124
JILIN GAOFEN OBJECT E
1 68695U 26080E   26105.07430137  .00001013  00000+0  67410-4 0  9995
2 68695  97.6661 180.7168 0014555 278.1507  81.8070 15.09361236   103
JILIN GAOFEN OBJECT F
1 68696U 26080F   26105.07427363  .00001014  00000+0  67432-4 0  9998
2 68696  97.6631 180.7184 0013604 281.1130  78.8569 15.09416186   103
JILIN GAOFEN OBJECT G
1 68697U 26080G   26105.07421782  .00002560  00000+0  16347-3 0  9993
2 68697  97.6672 180.7171 0014131 282.1232  77.8414 15.09509936   109
JILIN GAOFEN OBJECT H
1 68698U 26080H   26105.07419377  .00001014  00000+0  67136-4 0  9997
2 68698  97.6665 180.7184 0013930 282.9895  76.9778 15.09549566   101
